4448928 16194094 6974880 19400818 6732572 2783533 5813481 6102520 8030879 7204729 10703822 8771785 2078366 4960222 9088162 13557990 6596227 12912571 15972569 16227780 10319465 8085968 7365315 9238858 2576051 12842992 7162494 3394619 12746971 4001680 9315328 28912680 17808060 22287875 8229908 2686209 8783479 7667361 2617450 9912321 6942957 13702045 21623056 9622051 14229218 9697831 24444402 17307455 10821134 8273175 
5282000 18710417 7358196 21732661 6742149 3529882 6128018 7040193 18358169 10373618 13335750 13748901 5269204 9682205 16202170 19789441 6929455 22183512 17283724 19185290 20147940 11932292 7860525 16557609 6960804 16134620 15798641 4635732 14500707 15736909 9474610 29767958 20581935 22711779 17497992 3196120 13386789 22034459 7144784 10702624 7928238 23361577 31392741 11487669 21649513 12657356 34896168 18347936 11744624 9661336 
9333129 19010792 9668173 26472861 8951129 6639807 9631746 7406679 18372692 10713011 15812344 16073840 5384230 16588194 16523577 23930130 7938520 23428812 19362963 22118545 20365256 23909533 10180018 17133134 7644864 18529433 19923404 7428695 16434243 20662528 11593464 30321601 26302067 22772183 19325160 4852772 15860553 29682506 12946314 11318537 15943091 27901154 35696299 12763486 22667206 18024835 37910804 23023959 15928761 13852914 
10400557 24455491 11516109 29184463 10026194 12460213 13400939 9035633 19262309 12785011 18149867 16296795 5658454 20675655 20822569 25758183 14016624 23808842 22993474 26682621 22105301 43668228 10317463 18174831 9066741 21817292 21222281 10105293 16463253 20976055 13706523 30801958 33249753 23826032 23187001 5031783 15917440 30885917 15974955 16628425 19317639 28634328 38830198 14126713 24085969 19296486 47981954 29291997 25178225 21934797 
13316704 25054146 13032122 29610167 14254967 13086107 13414626 13326632 20924401 16555633 18286422 18437855 7984879 21155416 22916634 26822652 17175189 26445104 25583737 27780347 22867671 45568148 11789196 21408954 11525350 22085473 22211217 14644001 22479749 21346478 14675666 31635262 33963638 23826163 24618465 7799989 24172597 33970482 16631482 17493010 23927154 30096206 41551828 19253023 26537799 25709345 49416307 31422357 30522715 23083465 
17251153 26462096 16825354 33000217 15036658 13638728 13977269 17236628 26103560 17740112 20846675 20467768 8914141 21843056 23102251 27873316 19310332 28304405 28816864 29421435 29037186 46404578 15634855 22527273 13156295 23908046 24043539 15429006 24550858 26840924 16468184 32273983 37328643 26122253 26133442 8646032 24194852 42425279 20153722 18307731 25654172 32806459 42848645 30313160 27503849 30228057 51222648 32707852 30657047 24882219 
22145709 26696376 17503279 33509445 16222675 20377751 17571647 17484743 32326659 18631890 22549664 22377837 9469040 22888864 24512741 27936698 24996795 28375938 28951895 31524135 29804055 47267336 15895687 24398063 16453435 24199431 25073247 19607919 25452430 30497333 16630573 33464068 37464703 26757387 26524498 11738085 27901881 45362396 20748413 18815115 30776185 35503675 44574051 32570683 30551848 30517324 52574502 41552144 30845211 25125346 
22467847 27357630 18897814 33932878 16690661 23475134 19147270 19538489 32554558 19857370 22977721 24228213 11507990 24142489 30704856 28532153 25612915 30219942 29376878 31864473 34557699 47299626 22071250 28680775 18593825 24290359 26716566 22944805 26458445 30838376 22825396 33725696 37821499 27178077 27530487 12193917 31818463 45859100 20826171 20720541 32596155 35542398 47484464 32714729 32041144 35039175 55008785 44714141 31461897 26032913 
23228506 29634114 19157483 34745005 23894478 24846337 21748595 20794192 33939134 26251267 24764240 24818254 12219843 24342903 31455744 29155973 27883066 31727823 30890616 31955709 36211821 48452961 29166244 30350936 18992395 25979454 34535544 26496214 26803072 32830219 27780565 37068727 37949504 29831776 29275960 14363451 33719934 45887034 21390283 21592864 38867694 35918710 58015612 34613068 32323845 35465338 57857677 55169772 31536061 30326741 
23740666 30884972 20015341 35596527 24075173 25387149 23199213 21124856 37250356 31011410 26458028 28119587 13238906 29070983 31752184 34903635 29093946 32678505 31070645 32328790 37528827 48578849 34463159 33809952 20828021 30001725 36358163 26810872 27275274 34079293 28210932 40473480 38072503 35084179 29877380 15862704 33786276 48416948 22742066 25145904 40180633 37832375 58378126 37184310 35216113 36516792 67845325 55187456 34811610 32225057 
25591156 32031481 23642587 37605760 24712258 25802697 28427552 21887434 38550077 32396254 32028816 34489594 13438423 30484740 34831387 36464405 31894216 36461394 35502837 32470348 38634562 50459209 37756502 34096307 23715987 31753193 37863525 31419382 28753325 34969246 29243351 44067281 40856665 35830156 34755220 16100613 34009943 49553295 24237914 25643699 40261341 38583745 61637375 38228829 36584368 37918982 68525374 58044513 37657514 34226918 
29956988 33418938 27616034 41294914 27030260 27075311 28618544 21931905 39338468 34546388 34213462 34817958 14235488 30949194 34991119 37218292 35122965 37317485 36042293 36467329 41040368 50695046 39068720 36492726 24473684 33479510 38077468 33267752 29804171 36205672 29815735 45569048 43164223 37893730 38860508 20173645 34377310 51380800 25553096 25872983 40274849 41606449 67443719 42547874 37396459 39932179 69069586 60455950 38981467 34864308 
32223227 35186092 27694324 41363022 31134176 28434970 29778575 23543905 39421042 34599097 35030922 36244038 15284267 31714949 37126977 40812852 36875266 42092436 38740030 37442327 41101215 53104822 39615133 37717818 28078276 34024683 38150554 35551432 30672179 36606707 36221956 47836185 45615039 42044224 41671004 20842506 36066734 51716546 26245093 26151409 41270734 42042452 69765729 45440470 39290447 40846324 71197918 62409481 39533872 35487937 
33266443 36004371 27803199 43849736 35219916 30556965 32981069 25684348 42803701 35976169 37149811 36250579 18750122 33813182 37273904 43605614 38925095 43893514 38906863 44461081 46172210 55209012 40873240 38184215 30766564 34652909 38436132 37641612 30777778 40536882 36410465 48118135 46018867 42252311 44218016 22448174 37514381 53733447 27234973 27426466 42735772 43818697 71937897 47602111 40843064 40896508 71591510 62955069 43138378 35683724 
35109485 36730330 29155636 46244537 35899580 31469551 35338059 26900388 44812116 36348054 39178190 39318782 19695072 34354672 39218370 44323961 40667129 44514137 39721203 44842576 47255007 55234493 41562011 40498266 32759999 36403322 39019987 38984377 32380780 41842330 36982471 48447942 46994810 44839899 47363922 26479115 38534164 53944144 27423446 28224252 43052984 48153312 72136374 48644053 41310807 41042939 72069026 63829674 44763715 36967671 
37800267 37756196 29186178 46295969 36814341 32632753 36197525 29275414 45647207 37184720 40385385 39760015 21122958 37942765 40361318 44474742 41259316 45485963 39862986 45507392 47578262 57033293 44220276 41407735 33504692 36784065 42581520 39188398 33022947 42489782 37932035 50182097 49807915 44965186 50274173 26913525 39284458 56171447 31284809 28953966 45920655 51468066 72169862 48714225 46310380 42266171 73952353 64790058 46029608 38397802 
38727873 39785024 33658219 47344878 37185924 34517311 39624013 29616414 46770579 38119198 41205406 40396710 21311628 40040513 41362163 44590014 43162031 45748672 40453073 46006211 48158417 57935779 44454500 42629975 33862653 38392430 42881927 40052930 33531207 42509910 38507441 50854818 50739514 48239304 50330488 27072161 41154425 56510696 32233010 29407113 46307085 51764281 75408160 48802412 46625245 44687712 83095818 64835557 47939742 38616052 
38877021 39928962 33882702 47911874 37602122 40531785 39923577 30481589 47422865 38790000 41319541 44594646 23937077 40979960 41499990 45104520 43367105 46426382 43355466 47256166 50681740 58315926 45323542 43073437 33896620 39020498 43232978 40578928 36202285 43671239 39096545 51305793 51743840 51900471 50552042 28706572 42030770 58569377 32749645 31721655 50183165 52004416 76616378 51368845 46678612 45075405 83270667 66092893 48006892 39900844 
40433744 40319762 34234698 53017820 41429568 43279809 39939521 34088635 47719215 40697815 41356031 47711336 25141868 41670642 42601789 47911257 44034182 46743316 44211473 48060564 52992847 60697995 46100623 48282870 33973478 41875488 43382300 40913709 38283882 43824027 39513673 56378761 52404360 52635362 53919882 28964107 42067653 58717897 33449169 32319226 51985032 53085814 78578042 52578779 48758211 47935735 83326742 68991636 49841109 41248206 
40590508 43407824 37193440 56546305 42240613 44470266 41204825 36970880 49515088 41276709 42885911 50571005 25587184 43689714 43166976 48197480 44104379 46927164 44835767 48306076 53400378 60854365 47184437 48659285 34115634 42210735 43960087 46520190 40724210 48028535 39979237 59005138 52867687 55679011 54062691 30065653 42178690 59560262 34390071 36378374 53619779 53551152 80757121 53622594 50165002 48049293 84294742 70072064 49936533 44958470 
43270487 45277767 40391998 57244528 42613520 47180465 43470025 37471198 49810323 41306514 44632820 52301591 31809521 45826102 43894911 50785851 46487178 51392749 47507399 48795309 56714105 64927584 47875770 54493269 36084910 42870780 44116857 47796502 41575994 48217220 40162021 61691964 54056391 55985812 54985406 32676783 43917778 59721167 38297348 36506822 54278828 55718702 81067700 54048174 50265125 49167261 87018075 70250833 50046100 45728260 
45036948 49998553 41949474 58434656 43280031 49795231 48483085 38653422 53242464 42291268 45637603 52973263 32249754 47030684 45211249 52402261 46536522 51432899 52331796 49454859 56874330 65776184 48683073 58537077 37166221 43481711 45862774 50607849 42098479 51105514 40832589 61996127 54951551 56037848 58223855 40470920 45553228 60032031 38821048 38700191 55081313 58241177 81756971 55743484 50484136 52237061 89013333 70369756 50244509 49691674 
47924333 50358491 42958796 59072182 46527355 50837624 48750661 38756447 56365065 43197374 47267907 54480587 32963329 51382960 47570747 60988775 50087422 52111413 55519744 49875354 57480832 68815559 48951112 61830714 37594962 46377246 45914865 51273793 43196979 53234505 42503414 62082899 56357997 57069887 66102088 41187427 46907437 63420995 39524294 40595957 55211130 60645372 83102672 56227132 52448597 54467513 89529298 71118202 53216368 50204070 
51186253 50515652 43427363 59294295 46654702 52155957 51794898 41980268 56477529 45632736 47350309 54498436 35711067 53724291 47615984 62045741 51068151 55912550 55861105 52626302 58716298 69574907 49345449 61941050 38438695 47984080 48482462 51718402 43675755 53673645 45240088 62364760 64701179 58719928 70097650 46952944 52483911 63489214 40024049 42051669 55603778 64118220 83383649 57063553 52631552 54594715 90285984 71737204 54410181 51089659 
53184728 56956317 44711319 59643034 47652471 54360607 52227898 48525402 56656358 47439508 48842773 55075692 36260275 53802474 48199129 62155746 51644165 57047674 56966159 53670861 61199332 71107249 50215670 63941411 41867103 49694616 55096653 52851788 47058780 54166085 45271767 67500133 65660911 59438267 70641740 49481531 53880109 64522921 43911098 42429716 57032577 65412788 85886381 57472706 56681903 56078995 92454476 71954142 58744272 52649093 
56785478 57413068 46402749 59716275 49845291 54760974 53049318 48706790 57133569 48397560 54184259 55502273 38069087 54825058 48484963 62845432 52024170 57968265 60406844 55426233 63606218 72640273 55260034 63959541 42600290 50054748 55254083 53865306 47065505 54196576 46995842 71365003 66271434 59818353 74650309 50278541 55350897 67838030 43984923 43889485 57754328 65590580 89082259 58216364 57078370 57641109 98054691 73018791 58980320 52721573 
57687973 58750889 47161994 60528522 50264013 54780902 54146227 50166541 57271833 50026290 55569189 55684309 42045485 57156925 48841127 64238010 53238488 58202501 62699464 55540511 64017637 74158897 56339918 69129565 42978604 50617131 56900389 54044600 48210175 55458009 47657622 72860568 67321806 61617870 76888961 53561687 58482667 68624298 46148731 47287962 58226356 67569489 90580998 59106346 59451709 58687842 99194166 73022026 61914704 53071250 
58009773 59698537 49020961 60913035 52881157 55017873 55020448 50722150 58520275 51173418 57965478 57104637 43060142 57496299 49286283 64291517 55731848 58544645 66793646 55997390 64045916 74438402 56652592 69622912 43718634 53749860 57197834 54814874 50378576 56226449 49313434 74134091 67525886 63008326 76974265 53852459 58664153 72608478 49511537 47304903 58416154 68211777 91014434 60190289 61842074 59654641 99407308 78786998 62124355 53715972 
59177398 59918191 49339395 61231616 54183644 55518302 55320928 51595468 58834639 52324015 58079263 57782928 45424366 57979110 49377764 64620959 57766866 59008801 68985517 57134580 65009532 74859309 57957369 70777287 43833750 53961197 57412956 54832045 50709750 56582254 52693582 75196078 67722429 63744447 77404266 54367862 60184286 74462751 49586477 47587886 60246956 69197360 93888043 61265573 61886918 60094335 100422742 80053944 64267496 54079201 
61567771 59992005 51703880 62055276 56133196 55704034 60562336 51820304 59655733 54421424 59018221 58016087 48070888 58215371 49857137 64735448 58121239 61446667 70611125 57931142 66073129 74922104 58496757 72317430 44613978 54721608 60185394 55458149 53011736 57419190 52989860 76438738 69912201 71621160 77629286 57632451 61586818 75984687 50411154 51017770 60517179 70410992 94929764 62912945 63249195 60666454 104136130 81223805 64453022 54173482 
61916754 60562524 54547531 65139775 56938278 56340791 61608292 53758353 61202403 55410590 59569808 58401226 48938716 61235779 49971790 66314387 59564775 64032772 71123165 58958272 67957762 79836774 61020567 73853810 46852952 55004740 60362882 56898274 54271362 58716406 53552299 76822530 75865155 74471983 79801762 58156770 61867454 77023589 52294452 53142293 62142308 78357953 96575430 64494797 64092346 64812880 114353694 81501575 68128371 55369519 
63659031 61233230 55346226 72936157 57962512 57261180 62548930 53915757 61490278 57493232 59640711 61425635 50504339 61700703 50516854 68687372 60750811 64797788 73628055 60333724 68812712 82606460 61071917 75060320 47281722 55939513 60920089 57955158 55773101 59164928 56060550 77014783 76739206 75071967 80068373 59338455 63131730 77579826 52372727 53419241 66309377 78387183 97384873 65018357 65314733 65068656 117923656 81588790 68147281 56684426 
64367787 61390467 57892949 73294480 60782503 57447616 63528626 61465992 61803830 58924143 60872484 63677304 51333801 62745251 51779934 68698540 64306063 67169638 75770636 63514662 70172947 82806071 61608845 77539079 49661714 57759896 61631632 62130814 55811678 59743369 57310834 77953660 76795638 75254026 81412297 59711315 63422093 79613114 53152816 56012388 67836275 78784477 98483130 65794231 66344106 66161273 117983796 82923911 76138841 57933144 
64757712 64287391 59472486 73472205 62570842 57678394 65937734 61750720 65616269 59385735 67835486 63827058 51951585 64614491 53369911 68876489 64520725 70893902 77004559 64666904 70964886 83453153 65710580 79454948 49763190 59790123 62526405 62620139 56562394 61158503 60548135 79573682 79561272 76719324 83254063 60998608 64564226 79672455 53944759 57726121 68305021 83122593 99622780 70200782 67044719 66554625 122627860 84114031 76421467 59334032 
65009644 65864099 60614237 73954101 62783964 57848265 67894089 61826870 66080172 59770199 71645507 64423598 53055447 66052050 54767020 72121706 68037845 71830616 77902267 65065553 72358342 83749199 65910235 80296853 50881749 63273920 65067332 63456576 58004120 63129026 67198806 81205541 83793674 80885070 87473253 61287088 64714021 82539723 54305045 57857470 68376140 84537131 99887101 70780580 69557847 67910200 125203379 87827786 76580217 59553607 
65078494 68388907 61274621 75790447 63065362 58616946 69040705 62022545 66691447 60389030 72062063 65924041 53534935 66969283 54888102 72974995 69340862 75138628 80227874 66106270 72647384 83996031 66024768 80759972 54059166 67843618 65534291 65068204 61441129 64056409 68036422 82481851 84098660 81683000 88197999 65943878 66705535 83305021 54717150 60337619 69013156 86548451 99967751 71569358 75046394 68194280 125462449 89120731 76913458 59706696 
68095965 68936381 64313678 78222112 63942590 58669232 69235803 62677795 67395855 60591629 73761897 65927197 55016830 67448316 55335056 76258079 71262628 77080319 80638026 66859941 74144226 84936491 66675315 82400300 57713837 67913041 67083596 65845992 64779882 64359953 69734083 82888868 84571112 82372216 90439285 68929648 67108983 83483130 55270879 60688427 72119896 86758035 102748540 72162574 76067307 68814103 127010789 89425422 91497374 65810976 
69221859 69814691 67483246 78576491 65647875 59773971 69455219 63735852 67656107 61091356 73814320 68239402 55651659 71201567 60264765 76261203 72856223 77134449 83867624 71274465 74228568 91352963 67018782 88557281 63595688 68691643 67619167 66154575 65658676 68128198 71678363 87585410 84869539 83222645 92077639 70803508 67535795 87498905 57754419 62488203 73989344 87084959 103339948 74423429 76751116 69885267 133118204 89502807 92496093 68079163 
75331942 70384434 69375586 79209790 66344721 60683051 69845694 63850207 67796004 62311361 74870215 70343149 57527690 71912582 60392190 76756764 74428923 77377966 84745995 71280483 75499156 92393019 69929928 88956731 63746357 69010346 67730337 66702860 68447734 68474155 72277667 92574593 89178201 87303399 94516137 73042075 68237541 92043791 59864962 62696197 75212307 87963529 106956506 76207729 78954285 74444908 134885018 90064125 92584262 70137458 
75447411 72891780 75204630 81798232 67601735 62106545 73309437 64319227 71693590 63119094 76830726 71070429 59168845 76416915 60695471 79161563 75307441 77504177 87397563 71358592 76257960 94002020 70894022 90367759 65177493 69682285 68051712 69093722 69644218 68481328 72296777 94133306 90015054 87462771 96880825 73399276 73923535 92719808 60159364 65884251 76042549 88048121 107219050 76335446 79766598 76656801 136548844 92261063 93630225 71102912 
76328192 73179219 75278577 81886345 70813096 64571133 73904705 66275948 73522524 63995942 81021784 72161043 62769520 76517808 62291625 79760179 75596349 81359864 88290666 73282349 80878811 94059569 71470303 91936782 65550692 70288594 68731829 69199135 69888540 72288358 74030570 95033942 90316228 88787996 102417306 81345300 74194138 98282978 63716732 68156379 76273068 92877414 109524302 77244196 80813481 77443454 141125306 92927319 95606717 73715153 
77620415 74891282 75912803 82175905 71764349 66187856 77165410 68351213 73735706 65362638 81331324 74521210 70849253 77536895 66559680 80370711 75947544 81630332 88738706 78102896 84697507 96842806 71588984 92883653 69095624 76472323 70105756 76811604 70093845 72476019 74612426 95680155 92230897 88788561 104909709 86511067 75143555 101066636 67861786 68674955 76459558 93290248 110071500 77870151 83442205 80473694 142820469 94340754 96788282 74225145 
81260364 80033557 77023220 83336728 71851163 67022234 78600513 70413784 74822262 65576363 82538290 76333186 71480128 78258271 67673120 80911056 76203514 82217669 90626444 78408434 84867556 97072696 72005245 94807685 70429208 76615353 72552887 76981293 71247876 72609476 75100393 98340782 93946386 89024733 106042112 87492147 75719703 102659413 70105071 69110227 77448237 93632018 111238049 78558822 85194159 83459820 144127583 94619486 97175085 74693827 
82665632 80190921 78643335 86823823 74151594 70528506 80532678 70463241 76353239 66440424 85660653 77039612 72027931 82785201 70524036 81342749 76426380 83480304 90649206 80193068 86596874 99943837 72101005 95506611 71876987 77243994 73435492 77951649 73107443 74455547 77398212 98681783 94203485 89645482 106199190 87951143 77564082 104415880 70308601 70733524 81743401 94549006 111910035 80826478 86200623 84827444 146304702 95570750 97251610 75858290 
83240671 80398698 80308906 86835087 74479970 78888404 81843630 73721661 80016479 67178225 86377777 78488282 75935198 84064078 73540361 85688106 79035739 85985283 94572776 84775558 86884887 104069085 74191691 96875521 72581819 77773558 74514158 77955694 74567809 78120890 78273489 98918032 97865355 89654514 107928627 89015615 81445531 107345887 72031242 71001696 82524463 94698507 112070068 82924391 89880194 85164346 147432482 96250643 97709027 76164049 
83653550 82314448 81092522 92796892 75056957 79547479 84112902 74112950 86403413 68292405 87233254 79344855 77273878 84780640 73598115 88722390 79454858 87332429 94903662 84794137 87294661 110748069 76249937 97828822 74677208 79441450 75595529 80417782 75205531 78434640 79832727 99058069 103172766 91372240 109754667 89139639 81944228 107686451 74047772 72172885 85146588 95020229 114440465 85147363 91865083 85242075 149575528 98913314 97904373 77724578 
84026595 82440429 82632578 92899341 76312234 80912576 84244956 75543404 87269346 71165244 88288430 81032670 78158225 85094993 74141442 89390735 79770820 87428022 96161133 87974972 87953986 112441310 76947321 99766214 75187985 80057238 77820373 81121071 76764669 78736942 80174969 99347982 104266249 91594626 110176138 89755737 85254093 108325151 74194658 72952077 86648112 97738904 115839567 87966311 93231857 85713390 151380106 101659868 99097745 79126984 
84040907 84715765 85597898 95628474 79249365 83804056 85116151 76179068 88707264 75163920 89134549 81811631 81175606 86764508 74927063 89599817 80427732 89242157 96226747 88399174 87990824 112895056 77914388 99975092 75877783 80185641 78265628 81717785 79348745 82381550 80203212 99617483 107680882 91844542 111604271 89999041 85847042 110947403 74740209 73230278 87124778 107963740 120720623 91428727 94757717 87785214 152591250 102915603 100512299 82383271 
84958231 87139134 85904998 96536075 80068822 85480770 87412504 76943254 89484410 77251869 91494807 82991880 81307386 88598096 76271294 90159215 83088803 94818375 97291695 90010100 89286412 113613096 78684244 100763356 78508788 81891074 80810585 81867757 84105321 82732598 80426941 101640121 107844422 95916781 113295611 92160757 95291978 111285320 77291660 73364415 87601364 113481681 122378740 91816370 97830076 88069483 153415614 103653163 103203729 84220749 
86514144 89119355 88388113 102592062 80500640 86407208 90248464 79722312 93265097 77436854 92329710 84389835 85124699 89349375 77740845 90582376 84206374 97660508 98310306 90835120 89753568 114268486 79635465 105659709 79215474 83536393 81172186 82590606 84935872 83028547 81918187 102014307 113214242 97156585 113312154 92989285 99179960 112315253 80062669 75185811 88006549 116009893 130352878 93158176 98439796 88406411 155511469 105049766 106623114 84996943 
86727434 89372618 93744588 102702240 81885119 86539711 90430761 79829270 93469989 81411127 92723574 85494553 85786960 89406597 79658255 91134928 86155706 97724123 99531999 93102610 94239244 114890692 80459892 107244590 80423550 84389120 91565552 84071525 85531145 83220233 86909453 103298892 117076333 97989213 113764943 94304770 99209822 114736170 81835987 79628986 90844464 120036487 132721448 94136202 100102204 89015739 161453745 106435023 106756220 85668964 
88590322 91902948 95191539 103489418 82462500 89357470 91979747 82105981 94092219 86159562 101779810 86900267 88139669 89438413 80014479 93210110 87860299 98191288 100413540 94398958 97360602 116300848 88163080 110530922 80590679 86971505 94371351 84705127 86165797 83456710 88256677 103983512 120398947 98141159 114889733 96468987 99471364 117379393 82421968 81223456 91052871 120084249 133244304 97910743 100514468 90942865 166047324 107081886 108665930 86253267 
90002329 95395418 95642283 104814747 83701528 90081173 92765505 82412471 94478977 87063753 101780548 87846855 89271260 90716514 80994626 94576727 89090816 99240880 100543544 97860441 98872812 118254576 88390251 112302600 81126389 87816348 96819828 87970811 87769357 83874804 89096093 105114174 121471388 99715272 115464268 97208282 99896768 120080799 83591914 82066230 91269717 121447020 135229681 104863475 101109245 91645214 167010060 107614101 110717139 87786021 
90146689 95584118 96375589 105335319 83995369 95390540 94531476 85061483 95656793 87484868 105546648 88030130 89996892 91418561 82027711 94588786 89588861 99757030 102308701 100357216 99951050 118885717 89986483 113303426 87174382 90794058 97855347 94629788 89185131 84658532 89273375 108163542 125271458 100360000 115834109 98968391 100243709 122546474 83776759 82765607 95440242 121849780 136914623 106575768 101756252 92305081 170700999 109089533 113330405 88457640 
92793783 98434593 96954187 105664300 84898542 96695945 94757307 86792768 99778464 91939468 108536633 89798711 90768208 92760248 82497193 97053983 90143250 102064968 102542239 101396974 100386340 124167540 90528787 114010969 88225294 91740593 98234372 94703504 89282287 84884558 89810464 113645199 125952448 100856130 117612341 99460749 100393143 127045483 85153145 83383109 99393401 122466251 138385935 108581230 102646707 94356727 173478279 111383184 114262316 88592681 
93649247 99530463 97857540 108021904 87368387 96741639 96671463 87090480 100770670 95428123 110353235 89847966 92556715 93330256 84641978 100220832 91875610 103992248 103913558 101861462 101900348 125898592 91182990 115336648 94082879 93290662 100182857 94781383 93854290 87668870 90843800 114016586 128293858 101949651 119687276 99613342 101841523 127559461 85823663 84566848 105918339 126421705 141057219 109381663 104881487 95724785 175976266 117376554 114292694 91071056 
94922089 99539111 100941241 108936522 88263518 102717246 97930736 87520696 104866768 96477828 110690574 89850079 93945350 94226231 86947099 101899335 95267298 104138758 104333725 105330486 102036581 128753839 91240436 117739995 96332370 94626096 102313407 95753724 94907627 88201133 92630171 115043638 128340821 105798272 120026242 99743803 103252053 131063319 87124882 88374465 106642218 130263133 141489451 110884890 105638196 98332349 177738904 118217218 116010326 94253492 
102302092 99694772 102482134 110228786 88758396 102804658 102868329 88172675 105462448 97768389 112373809 90475629 96190998 94930030 87305113 102056516 97037661 108111224 104421124 107453472 104032226 132680719 94599486 118262171 96480740 94755570 103148502 99021595 97649938 88776189 95757172 116082305 129870357 105801426 120549183 102641783 105786232 132463052 87649234 89062589 107617122 132460456 144363201 111970466 107151822 100453191 177825274 119139044 118890479 95506817 
105067725 99835861 104130881 111314562 89551176 104864788 103519229 91933763 106829174 97801433 112447950 92272462 96262428 98375150 87871642 102434825 100307816 108572335 105245279 108172615 106013139 134388081 94885831 123185967 97564350 94892283 104456844 103165488 98459235 89639979 100027833 116607834 140038859 110828492 121770880 103373683 106511626 136534258 88672245 92337144 109319547 132585775 148685180 112728409 109174578 101250828 178886816 119282025 122118112 98914410 
110034250 105810476 104696092 111505420 92445796 105558571 105695829 92413326 110689676 98475967 112597774 92914896 96373833 99336691 89260297 106266926 101079928 110428189 105688362 108452653 109261350 136024381 95043814 124559925 98817913 96072441 104670407 103403244 98841833 90191639 102427786 117116716 142836614 111578138 124264959 103553169 106603726 137364718 92000385 97498937 112500799 135040525 151334438 114129196 110593697 103605192 178913168 123557698 124437762 99313447 
113160699 107165392 105008711 112521870 95839575 109027561 112684214 93738038 110737739 100540592 113222746 97059353 99516992 100158838 90859625 108116909 102898719 112393102 108141419 109807941 109465275 137974216 96590224 125554788 99435220 97079237 104805270 104792443 101711844 92346723 103011882 117731723 144205017 111868790 126041016 103938485 109057612 138921409 93320280 97678799 112834372 135725566 152678796 114712681 113043121 105389306 182702457 126801240 124950955 100057842 
113479239 112909390 105574242 113650391 96949926 110716401 114827148 97366225 112006294 101480986 120042786 97333936 102725787 100533728 92986305 108891099 103741737 115565230 110000039 110965973 111057250 139302269 97208753 127533235 99552301 101401537 106186407 107025587 101749254 92899642 105597454 118232175 144227563 114133160 127103591 105079045 109530097 140018944 93646299 99421902 113225344 138178777 156357552 118956591 114847672 106494615 184569787 127399919 126787736 102674278 
113898585 119591685 106302242 113687543 97478201 113299609 118551850 99052189 112376581 104183619 120468743 97611224 103721746 106055786 93055534 110278224 104063195 115690643 111678288 111079106 111083077 140017385 99667528 127738784 103250183 107071098 107574862 108797681 102299930 93591829 106747401 118683962 144281358 114537642 129749252 110105977 112668026 142925970 95581466 100320865 113401824 140173485 159155321 122168065 123390237 107737520 184810601 133328042 126884930 104807376 
116816098 122487875 106389016 114559991 98117214 113553545 118723565 101002671 113446081 104434269 121162569 97862266 104328197 107372788 98653587 110427948 104741053 117566001 113020164 114109592 113568225 147057787 100028973 129535769 109124158 112545648 108349177 109730733 104091654 95829811 111079740 122232255 144683513 116569097 130286871 110192603 117433798 144019245 98118506 100859489 113552483 141388828 159856238 124836114 126247284 109410636 184846183 135028827 127938978 104985017 
122867841 123078333 107630482 116144987 101205558 114905390 120689176 106177432 114826156 107205305 121798695 101727900 105067259 114574275 102702641 111854566 107783404 119689078 115992265 117182099 115772784 148255554 101707305 130259109 109937106 113741007 111402987 110015529 104282802 100795665 117273684 122349336 144836363 117481775 130454120 110655159 121729480 146352505 103207743 102311969 113797850 143217802 167411546 125439342 127823183 110450994 189827791 137185343 128493507 105072864 
123141375 127640583 110092229 117227267 101842650 118816748 120954985 107832694 117949788 109368853 121845451 103960220 107479739 117451164 110231233 112092123 112983870 119723647 116274730 120664376 115846369 148679319 105190599 131765800 111783479 113934723 112984360 110381074 104897078 104644378 126388908 123444583 144967116 117795611 132107248 113964620 123318084 146703676 106003844 104248963 115866591 143252916 167523656 127510882 127961535 113135689 190412528 138127033 128944903 105624635 
125122656 127982086 112031920 119388431 104577349 118873156 121248755 109399014 120711423 111640771 122047915 108444311 108854183 120159020 112760571 113288685 114974540 122322039 117578007 121422596 117361798 150142146 107904168 136054908 113119217 119412601 114189668 113463898 113616292 107814702 128039053 124815302 146431609 121448095 136162816 117314053 123914297 149281825 108253620 109021276 118275199 144445075 167996167 128365616 128450091 115806577 194572864 140228888 129660064 106632352 
126670085 128165377 126023038 122633905 108390417 120134673 127932348 113093282 127286013 111888776 127571345 115709922 109035134 120377038 115214172 115933316 115071092 125197227 117884632 121870807 123118736 153893502 109162894 137430277 116789267 119584194 115033781 113896827 114121047 109175202 129161676 127045009 148359426 123430113 137099962 117855228 124175052 150652019 110366790 112996841 119291860 154227522 169017814 131198116 128923014 116930567 194969958 141584872 132930573 110335557 
131243197 136175733 127749216 123174365 108880791 123991055 128185583 113224566 128279732 115666654 131768626 122764379 110477257 121851544 117605601 117586188 121456347 130609331 121475844 126149073 126126183 165781218 111918360 137615486 122515501 122322959 115586512 114639866 118521903 109817253 129285314 129256882 148958356 128632823 137629617 119731505 128011160 151506748 111220967 113470446 127928758 156245697 173682829 132347226 128966631 118283441 194991508 150732540 134364032 111799110 
132654221 141761141 127822503 127946217 112767262 126665193 129026326 119589873 128689710 118272296 132521129 123459734 112678455 122607805 120672476 118330142 122093724 134883292 125338728 127883262 127402268 166702190 113003839 138700713 126773510 122540063 119649505 119117607 119436355 109991215 130317179 130528360 151456016 130376895 140895192 120672512 130870793 154127601 113513873 113808995 129158280 156500265 185440158 133479689 130168582 118743722 197301114 153596455 134521331 116817264 
136374566 142242117 127926673 129002359 118561956 127605070 132529837 119767434 129768902 119957647 135441481 130107746 116353135 125004981 125748970 123948969 124993101 135011204 131628701 129413898 132620469 174615534 113423761 139036706 127507045 123164277 119866017 119949330 120969452 112786303 136991170 130802723 156409023 130934339 143472691 122962244 132917335 155651131 113662007 116058419 129454395 158107634 186188483 135376040 134530616 120053178 197325485 156439381 137346503 117824908 
142052469 145165156 128809318 138500103 119203941 131707611 133700717 121317345 133440138 126248414 139170638 134164721 116524367 125047758 125955835 128435900 125531975 135679016 132133954 129532101 133014945 175004642 114339920 140136069 128319324 129816475 120438721 122852851 121838159 117992408 139292422 130942915 166667384 131051322 151963354 126556138 136147668 159562050 113819824 120120103 131214158 158303171 186800369 138988068 136313439 120070049 198357187 161141985 138438064 119709563 
147670085 148904083 128880272 138864667 122441267 132006578 136960806 127022075 133534251 129600814 141040644 137146012 118036150 125962070 131265224 128608058 131178483 137014896 132786098 131388286 136093802 183887670 116527601 141107857 129093787 129822986 120776237 122956733 122749641 118371592 141389654 132717860 167322171 135780069 157631983 127713148 137510249 160344878 113906576 120376286 131414185 164471615 188504635 140805588 141270816 122343370 205158851 166296389 139625867 124226535 
153600118 149064708 129629280 140362258 123506636 132106277 138821512 127671312 135278828 130973989 145218840 142085572 125037067 128131181 132139265 130625426 132919819 137085949 136785131 132544658 136758016 185118469 116843003 144617917 130291973 130577520 122467791 128402468 123594861 119828312 142541224 137466078 170117331 136078656 159723989 133170990 137734524 163496335 116336429 122178972 132518998 170264768 191937439 142118633 142847805 123709223 213697211 169904417 147823617 124485086 
158459999 155880128 132383542 141194280 124545137 133757179 138954016 132183963 135325505 137625464 148413111 151283171 130969773 131959954 135274805 132975962 133485672 137183890 137099434 133073153 137825241 185307757 123160821 146289986 131460212 133785489 131074689 135368833 131157747 132081818 144872591 139960938 170514310 136604896 160561552 138179792 138458158 166604250 118511037 125007413 133443534 170707239 192918418 142393619 143504987 123804455 214092324 170624239 147850554 125878615 
165969801 157964129 137877787 144292796 131286029 138710743 146838864 133870476 137889899 139450500 157584196 151482815 131367111 133094472 135569820 133771274 144557347 139083545 137994790 134528978 138148578 185633406 133679604 148068082 133060091 138338197 133522774 136782795 134210609 138186874 145958837 145028026 174914691 137822049 166821609 143119491 141794589 168933295 118994866 125086603 140515210 178461271 196113108 142578586 144577730 136458258 214236482 171842358 152506216 126232792 
174946185 163863648 140138021 145328378 132067882 142529305 148021695 140535512 139469051 152324206 163377654 153408766 131841352 134074158 136564910 135246190 148251406 148877870 143998116 139218487 138267719 191411657 144471896 148671223 133758296 138736981 134929848 142247512 144706040 142740787 146001183 149229249 181029411 139068729 167375329 145558864 142589688 170081734 120521241 128750589 148818346 182297131 199373222 145133400 146919248 141346598 214567862 172672346 155163684 132746938 
181908060 163877827 145813409 145360173 133776470 148891024 152617900 142880073 143374311 152675100 171513975 158570727 133724728 134157679 137808492 136381803 148496046 149206839 144290816 139792417 144469234 200905348 146021275 150550821 135462440 139693949 138729983 142880283 147892627 143423187 148631020 150367330 185703419 143412173 168156372 146248164 146165041 171111534 125225866 133484934 149687152 183865461 203454756 148124969 155217752 143116637 215103231 174771275 156102309 133154517 
182561937 165524463 146935257 147533468 133904654 149358056 154447731 144025445 145634970 155415942 177372780 159818821 134326374 134741475 139678174 141672142 165113342 156115637 146337034 141230218 153477339 206253070 146779161 152561674 137784434 147358058 139285940 142973569 148035640 152952681 149967371 155045136 190431969 144474671 175596689 147433331 148965794 171951578 125624672 134535614 151573012 190439216 206027285 151966971 155548883 147697942 216946820 176314996 156549085 140866653 
188463832 168195549 147004892 149810788 141589328 150741919 157425269 151588349 146882874 157743047 177532354 160084468 136015084 137811792 145274431 144703335 173979966 157988231 146501692 147820362 153637740 207266534 147102122 154242041 140261305 147502319 156398266 143988186 153341239 154730574 156708834 155189455 190600596 153109235 176643000 148234596 153754002 172174919 131517992 134594003 162725334 192133954 209967894 152707304 162961697 154005746 217567909 177360586 157654962 143613855 
193208563 168775435 149875848 153225859 144188079 151057970 160394813 151798806 149573822 158257319 178443520 161977282 144781910 140452316 147077694 146050372 177027954 158921253 151086935 149129540 166396824 208029117 151088925 155768361 161129703 159729739 157609105 149370031 157372235 156250778 157462714 158633526 195172759 159890436 176717545 148949734 156567186 174567318 134524070 136247289 164858317 195033090 219915100 154713260 163724392 156176407 220023180 177940676 160556320 148017594 
199712991 170562547 150048833 162972627 150079495 152345697 167518222 160130918 150186039 160238017 178850081 162200000 149366090 141267131 151377435 147796658 184877820 161408590 154417753 162080888 168130144 209046651 154085838 156039867 163566386 160282969 161772073 154580785 161272554 156812231 159745771 162464687 207054974 164240250 177232793 149727483 157188426 178579936 142355022 137286491 172992761 195971759 223512113 155279536 168154153 159852716 222775558 178740430 161196153 156897180 
202640790 172061076 153486579 166812065 150295192 155077240 167679200 165598052 152195508 160707961 183296460 162878429 149641348 148944184 152110704 155599111 185806316 162709843 155126506 164391886 168433856 211611995 156298574 156626425 163858757 161440883 165113322 159046474 163701556 160354230 161289132 164416518 208634894 181889129 177543220 151712122 157495956 180153425 143861157 139851819 182628783 201419609 227070770 155767158 170475791 162982927 223691229 182267791 162527152 162161273 
204218483 177836503 154501425 168081140 160560708 160338961 169713169 177990057 156648803 178636420 184070480 171268763 149755390 150113646 154439035 167586449 187682293 172238938 157825350 166239379 173199564 213959313 157587375 156653625 166987523 168112281 165639915 160759718 166760013 165162488 163346435 166841701 210888724 182261083 178046404 154709991 158320699 183544478 149364624 147257462 186259677 202218888 244145114 156165125 172760637 172566578 225681861 184958363 163521096 165239186 
215591135 186078841 154708103 176143744 163300033 161041556 173831054 181419156 157068212 178758807 185363110 180445111 154100181 150305290 159068094 175432938 188339118 173132403 159511449 167465877 193805422 214637399 160107070 161245845 171331417 176207691 178006331 161514735 169742842 170690278 165258740 173782995 225289434 182765525 178636014 157526481 162205673 187434445 150555580 151569615 188734428 206236175 249439271 165519442 174630613 172641813 236098454 188988815 172769928 166555836 
237407062 193576838 157542878 178221230 165429877 161195100 175223720 186075208 184511734 181360935 191144748 182380071 161209149 150307500 159111321 179710025 190587814 173802054 160990377 168942404 197459812 216681235 174701377 164112164 171722684 179222486 187835918 162021588 171635640 177817953 165654726 175392620 226325091 186836806 179887982 159033149 169334967 195710022 151408440 152132908 223908228 213283229 249628708 165697040 175441402 175483974 249067359 195997075 175601968 168978319 
238320844 194135166 159309055 199227090 169466502 161541249 175614649 187501766 184558448 183937053 193711218 183223113 164635621 151455142 162601001 181603658 192066909 174915043 161639192 169963992 198811700 220127050 177731483 171177349 174673439 180821371 196612367 163025818 173248458 177862281 166137432 175960323 230320382 187205990 186669537 168860518 175678178 196469726 152086389 156886898 225235516 216242206 254673930 177823993 176333940 176546289 254541986 202332922 178451999 170605420 
256996983 194288140 163545541 201422474 174329219 173193334 175648258 189842934 189413848 193738057 196689282 189260032 166665171 156515312 162650791 190397737 197209694 194426733 165202632 171525620 199288841 233047126 178368496 173938828 184601310 183176641 215723292 165778107 180143903 186629600 168104350 178154626 234310476 190182378 187751898 180565235 178049400 205534939 162012052 157658899 227631887 232292643 273811809 178460603 184827613 177680119 257391444 212896763 189852064 177173379 
259045358 197215482 165088217 205687312 180430358 175425663 182369861 193174993 193557269 195492832 201329681 191743675 167505489 160358336 171316524 193168615 199253047 196743434 165942308 184968189 201234764 233244827 180458110 177133460 186100085 191691676 228617442 174015035 188103462 201519358 173386058 198100664 242722237 195395799 188983533 192204460 180726221 208986625 163350611 160619059 232375143 247240182 276451631 189847110 186216762 196635823 258825241 216016866 196429818 180211319 
260203038 211702741 174062738 208880649 183251460 181655126 184423965 203663919 200238199 196389713 204047810 208227990 169985313 184406166 179552018 200016081 201939846 211421002 166982081 195092471 205898631 240397734 189139243 188054143 194079735 195103201 240180523 177636160 190353249 206414291 173756945 201884367 243487905 195450366 190858257 209531996 180999613 215906503 168785027 163129464 234733234 252699233 279321922 191186892 193948545 196885869 262480318 219949396 199645688 183469766 
268398559 212523444 178574627 209641009 186248258 183085723 186552072 204400357 200446258 197412147 209885942 212042826 172591047 194358004 215154835 210202707 211165444 224767730 176584707 212877704 206359575 243794654 195820449 194700589 198094471 198692953 240515998 187714587 197537180 211335563 200610527 203740384 253715409 199722942 193422721 228431429 185067144 217578684 187559289 168795397 237639594 263920411 292395096 196309818 195303403 200698311 275185159 242598802 200365254 185075671 
269787172 212543571 181725121 224199690 195068063 184731919 202550329 208634950 204132258 208393998 231651802 213661102 183962274 202939894 225612781 212576320 222899347 225856352 179189101 216550367 208199213 246052373 212538620 210860283 203427035 199072194 245613919 201423053 202545251 215939178 201315029 212810283 257989909 208469224 201579146 250407492 204433744 223676455 188320574 177350488 245190699 268770646 300970064 202750041 204313902 215339475 280642383 243733073 216344901 195936329 
282505986 214579225 184597363 236853075 203405790 192390502 214648685 221881897 217584137 209305993 234033755 233390613 191139822 218666325 238794666 262073598 222931166 243130484 181965512 218766322 223177479 255173769 214400918 213539059 231029094 200377084 263025269 216221187 205592157 218874066 202019320 218460996 279427120 228388493 211123137 261613835 207497400 223966787 206896270 183698495 257257956 277368550 303517754 208338768 213760219 222024484 281833014 249440735 229522519 200397497 
303491913 247761302 192876248 259033600 203509978 202433073 220055039 245577962 219548487 225246923 261554564 234248831 208382379 228693408 241007321 263501068 224958888 245413346 193164148 221670353 237745864 258349371 214735214 214174695 251183120 217909466 263108856 217879157 209555916 220498739 204878799 220610501 284521315 243116690 227865229 263504121 216243100 237023285 261053134 190172096 264085895 277487393 334276398 217422221 218716767 226961212 287062070 276836370 243979909 222420959 
315091151 260859952 195160880 284214179 209017719 203315377 260862615 249744830 220266463 225513331 277366432 271300280 209022652 245541821 270706407 269825056 245432021 250472900 195358463 266222026 247289709 286818106 234138049 227259449 255498106 223958033 266162062 224963396 212937823 227075844 247955819 222750185 285766936 247922258 250526257 264650106 218489958 242191050 271919044 195081228 282539414 305697062 426181599 242562074 237479108 237261152 294906969 277798814 259927243 227498418 
371450776 263346056 229040061 295864896 232651207 215710109 261437158 253863892 230546899 259049863 286880877 276402877 217243784 267170420 293522406 280092657 260003735 304368536 204871670 278734043 263228872 310222754 234756473 232193330 277382344 240541413 284394393 264449371 217915882 248355195 252414322 223760788 340997259 251831917 277499401 282996022 237352069 251023725 283333503 196449786 292648208 346993980 469834022 267275925 253834976 258937945 306175446 289479015 284244179 229786119 
474411678 265017890 305462926 303860079 246904734 231258694 278130676 260459672 254628682 275012994 288639521 298437108 227942750 297143880 294827088 280147746 261940445 305086863 214152308 282084492 338821588 320427325 235591667 246496053 295205251 268671802 306515447 283746227 261797964 271696876 301825380 233731869 384712410 256256418 333033227 283302577 312091733 262336626 330311850 232269876 302679078 356022252 474794870 284567173 265216212 260947918 316500675 341128364 320444594 265111112 
484668207 267721396 319686185 325603001 247365435 313335763 280574460 284102635 306231412 360296890 298498670 329272470 233961180 319290277 334992580 296693112 314892997 314325891 317481388 304574978 358351962 376443761 245898029 282027950 312100659 272598955 326966213 291874815 284771103 288982870 323919718 317835796 448056608 280357140 361230620 311632472 336967300 287999852 332072655 282306660 320028932 359266068 521869855 322646325 293149461 302476210 415166227 353865210 323173247 277909256 
504483662 379869685 333114582 343559741 333914488 379788483 288733522 346602416 325953600 379856993 331812604 383378510 326005503 323987140 344791968 303447928 349682086 353371232 393029212 418441260 428835199 397792067 340034939 309617363 326978314 273098388 334975674 309627813 295567794 370211842 357460539 340783485 477947802 377941043 504756015 366372703 399218698 293674677 374910394 345977023 392091095 448811311 643533969 445515154 327055331 363447761 416570270 356625979 414574826 358125029 
932639859 907751965 830976511 791823430 798789749 663299210 829316253 799509664 881250306 684723993 769948859 654091730 765591831 877005585 785689880 976410772 949057038 795497052 696451438 770080492 740007782 926822348 780521300 862238315 613968392 853196906 661986130 826984773 708354098 716691287 722467237 805322532 938279967 839118316 730664422 650996826 771213486 744875370 730624948 820623210 811736916 964107640 836775770 740884983 802612364 682638716 711662582 425599458 714554861 802185067 
