0 0 0 0 0 0 0 0 0 0 0 0 0 0 0 0 0 0 0 0 
25.972 54.673 12.861 17.708 28.187 64.781 11.539 27.53 13.46 11.979 10.837 12.735 16.373 11.472 10.836 11.688 11.215 12.291 10.758 10.35 
28.041 54.74 12.939 17.817 28.255 64.802 11.745 27.601 13.502 12.239 11.492 12.755 16.47 11.532 10.859 11.693 11.322 12.65 10.828 10.845 
28.862 54.755 12.961 17.832 28.276 64.95 11.759 27.668 13.565 12.319 11.556 12.758 16.579 11.55 10.884 11.721 11.344 12.661 10.942 10.851 
32.192 54.846 13.065 17.867 28.288 65.008 11.793 27.671 13.574 12.326 11.586 12.772 16.601 11.562 10.898 11.738 11.363 12.685 10.952 10.908 
38.447 54.862 13.152 18.533 28.302 65.014 11.799 27.674 13.62 12.374 11.613 12.785 16.661 11.642 10.927 11.756 11.377 12.737 10.966 10.922 
42.849 55.217 13.218 18.746 28.917 65.019 11.845 27.686 13.634 12.386 11.621 12.799 16.664 11.782 10.949 11.8 11.414 12.785 10.97 10.923 
43.737 55.243 13.266 18.989 29.056 65.05 11.854 27.699 13.652 12.449 11.627 12.878 16.665 11.884 10.954 11.813 11.458 12.793 10.984 10.979 
43.746 55.248 13.291 19.107 29.102 65.085 11.869 27.733 13.677 12.452 11.676 12.892 16.727 11.888 10.995 11.823 11.473 12.795 11.018 11.037 
43.813 55.339 22.885 24.759 29.102 65.094 11.912 27.833 13.691 12.485 11.688 12.904 16.802 11.897 11.021 11.905 11.499 12.827 11.019 11.037 
43.867 55.363 23.17 31.892 32.162 66.513 12.618 27.87 13.704 12.492 11.696 12.91 16.807 11.918 11.044 11.924 11.52 12.85 11.035 11.052 
43.928 55.412 24.397 32.04 32.166 66.655 12.916 30.73 13.772 12.507 11.743 12.926 16.825 11.959 11.118 11.954 11.549 12.88 11.094 11.067 
44.144 55.455 24.42 32.093 32.217 66.684 12.933 34.755 13.784 12.575 11.77 12.943 16.826 11.979 11.134 11.961 11.558 12.919 11.105 11.087 
44.178 55.49 26.448 32.21 32.226 66.687 12.981 34.792 14.178 12.622 11.779 12.95 16.828 12.002 11.139 12.062 11.563 12.956 11.128 11.112 
44.342 55.613 26.464 32.254 32.24 66.758 13.091 35.296 14.227 12.662 11.79 14.743 16.851 12.01 11.221 12.068 11.563 12.969 11.132 11.117 
