1095 991 101298 24216 1043 991 57440 42972 991 939 3299 178102 991 991 991 991 177156 991 991 55415524 
1095 991 105045 37102 1043 991 69523 45106 991 991 6597 266689 991 991 991 991 24020979 991 991 66365127 
1095 991 110051 40888 1095 991 71419 49780 991 991 7392 58094288 991 991 991 991 53029660 991 991 67588235 
1095 991 123363 50214 1095 991 109865 54946 991 991 7635 68442636 991 991 991 3189 58566894 991 991 68048810 
1095 991 234055 52608 1095 991 129688 56992 991 991 7687 76012219 991 991 991 3241 74122384 991 991 69557686 
1095 991 343852 53446 1095 991 201871 80484 991 991 7961 76151640 991 991 991 3241 86071054 991 991 71883804 
1095 991 57436541 56256 1095 991 283650 88573 991 991 11129 84704365 991 991 991 3241 102811509 991 991 75852705 
1095 991 65331316 65017 1095 991 62001344 91564 991 991 13017 93212774 991 991 991 3241 105044566 991 991 77773171 
1095 991 73011429 69464 1095 991 65533378 159255 991 991 13933 101828129 991 991 991 3241 106005778 991 991 81674087 
1095 991 78873329 160249 1095 991 66662410 61088538 991 991 16123 103755692 991 991 991 9406 112908682 991 991 94833850 
1095 991 82426302 72820629 1095 991 70494073 65472240 991 991 24059 105687407 991 991 991 11543 118493833 991 991 95924123 
1095 1043 87404693 73551846 1095 991 70929539 71221170 991 991 27451 119582292 991 991 991 13468 124067274 991 991 99661134 
1095 1095 87898514 75659692 1095 991 76090253 75491014 991 991 137533 125612545 991 991 991 57884 135156108 991 991 107431941 
150718 77463 100263665 76459856 168391 98053 89579427 81972530 90280 56058 143573 129822238 58143 46186 60061 73647 149705922 51532 54066 115594837 
154953 85637 102464358 77247386 170590 98750 96929869 82818685 92450 61347 62901108 159281220 60471 60247 63544 35549036 171761675 53345 60060 149013583 
