820 768 276681 179835 820 768 235943 127193 768 768 2805 232564 768 768 768 820 15314709 768 768 101281 
820 768 4556775 241251 820 768 2229120 182887 820 768 7775 37683338 768 768 768 820 24320427 768 768 109256 
820 768 20570455 298259 872 768 4359880 1921523 820 768 8070 40196703 768 820 768 820 45209591 768 768 112937 
820 820 21628535 4990913 872 768 8514656 2679536 820 820 8115 43463396 768 820 768 2743 59306583 768 768 121626 
820 820 24866877 5594206 872 820 9940146 3713864 820 820 14033 52018085 820 820 768 2745 65926366 820 820 16189115 
872 820 26710317 10297041 872 820 19751140 8106280 820 820 14245 52539206 820 820 768 2794 69984086 820 820 18631090 
872 820 26850573 13125355 872 820 25105349 10053411 820 820 113184 66673466 820 820 820 2796 72734993 820 820 33273934 
872 820 33607412 14556729 872 820 26957160 25015475 820 820 139697 86461786 820 820 820 2797 80955769 820 820 45557944 
872 820 53330847 27739596 872 820 40262977 25761356 820 820 141661 88091850 820 820 820 2797 81276217 820 820 54383079 
872 820 53857467 36651077 872 820 44098778 31367186 820 820 1029471 88781932 820 820 820 41796 82092997 820 820 67678482 
872 820 56141435 41686588 872 820 57418221 41354416 820 820 4308628 93450009 820 820 820 58997 96407772 820 820 68429302 
872 820 87239129 46258904 924 820 62459261 46244331 820 820 10337572 96915113 820 820 820 74419 122804199 820 820 127884098 
872 872 100624380 50639157 924 820 75277167 54029547 872 872 11190874 100569261 820 820 820 4207393 165151058 820 820 150953053 
154202 77900 109475171 60272269 171701 98447 110112443 93065392 91872 56224 12614537 121346340 58953 46836 59603 12605354 216141706 52663 54119 263539023 
160200 87835 116400215 63818595 173767 102001 112422618 95112894 93987 63456 23398034 334210843 62092 62846 66605 18730260 224317053 54713 62422 449661559 
