0 0 0 0 0 
75.792 10.174 10.58 11.119 23.801 
75.82 10.26 10.674 11.155 23.931 
76.104 10.301 10.717 11.249 24.174 
78.137 10.343 10.748 11.255 24.388 
78.229 10.348 10.813 11.285 24.408 
78.252 10.349 10.825 11.298 24.431 
78.267 10.404 10.858 11.314 24.534 
78.329 10.43 10.894 11.323 24.571 
80.054 10.462 10.901 11.381 24.572 
80.128 10.499 10.905 11.66 24.922 
80.32 10.532 10.915 11.7 28.273 
84.435 10.633 10.966 11.744 28.368 
84.436 10.794 11.062 11.765 28.551 
84.564 10.797 11.22 11.775 28.663 
