3100 991 53911 4025 868449 
4025 991 58231 6148 33513615 
7889 991 59936 8057 35327008 
9419 991 78582 8124 35411125 
9642 991 107432 8809 35411406 
9651 991 175901 10254 35434846 
10767 991 188384 10332 37021648 
10983 991 30254730 10498 41910378 
11108 991 32587985 11720 45262548 
16333 991 34746453 18098 47484205 
18717 991 35677522 19008 48475855 
19729 991 36102349 22472 49139783 
155661 991 38774000 166361 54012372 
169207 62576 43708295 170830 55024908 
32712663 69785 54417356 39565263 65553250 
