4259 769 222651 4415 95245 
10176 769 234743 8444 109627 
10688 769 1287186 9929 150682 
11869 769 4326210 10726 4467779 
11950 821 10065702 10796 13308327 
16974 821 12521779 12069 13389484 
38280 821 12703084 42159 14297648 
43502 821 18504911 44249 16478853 
46937 821 19715181 52579 16965945 
89843 821 21159873 96630 17860972 
170577 821 22663288 166446 35087768 
191810 821 35403697 174108 45371902 
4212758 821 47770200 4219050 83640398 
9938160 61918 47962425 16812826 122530078 
18373059 72657 52450797 18377589 236099354 
