0 0 0 0 0 0 0 0 0 0 0 0 0 0 0 0 0 0 0 0 0 0 0 0 0 0 0 0 0 0 0 0 
219.888 302.815 231.088 209.952 268.795 204.837 197.855 197.235 202.554 200.166 206.317 753.748 151.514 100.464 204.47 172.376 181.478 1166.189 172.456 234.197 145.913 1902.747 126.359 252.552 149.494 150.578 173.603 146.084 181.27 222.978 204.95 171.888 
220.037 304.403 237.489 248.844 273.714 231.757 201.89 198.256 202.953 200.428 218.078 773.807 154.386 240.331 242.923 214.744 191.826 1167.293 194.168 238.241 164.698 1952.678 189.068 253.355 179.678 229.992 195.461 162.934 197.017 226.428 246.12 219.794 
261.411 320.864 286.982 251.911 284.664 240.031 204.173 205.782 207.489 208.629 231.048 782.454 172.034 241.152 244.016 221.184 200.353 1167.356 204.694 239.226 171.09 1953.202 229.246 255.706 183.005 233.934 228.618 174.914 211.457 232.605 247.924 220.277 
261.697 328.208 288.528 255.485 303.178 269.035 204.527 220.52 244.441 211.506 234.264 812.291 174.664 272.721 259.146 236.29 220.057 1167.872 225.536 246.351 211.146 1964.527 259.839 270.213 197.743 301.23 231.9 199.418 212.061 237.747 249.147 221.307 
271.145 331.434 289.478 260.286 303.315 288.541 208.857 228.185 244.496 243.004 235.286 821.9 236.032 273.489 265.175 252.924 224.304 1168.288 238.448 248.724 216.113 1986.569 300.385 279.084 207.528 305.741 254.167 215.908 213.202 239.443 282.916 247.994 
282.186 332.538 293.087 262.33 304.26 294.897 235.154 251.068 244.532 244.254 236.276 824.648 236.9 275.581 269.651 252.931 252.534 1169.616 279.124 252.919 223.616 2008.226 305.023 315.738 209.264 308.19 256.054 224.705 223.327 240.096 283.28 290.197 
287.473 333.074 300.612 263.178 304.739 295.116 241.079 267.815 277.717 247.752 247.478 824.822 247.432 287.77 272.482 279.311 266.976 1182.127 290.518 259.299 234.281 2008.714 305.694 318.325 225.877 309.02 257.151 248.571 247.232 240.141 283.83 303.939 
289.547 334.232 302.563 264.433 316.379 295.142 242.285 268.612 292.447 258.332 247.942 848.562 250.434 307.523 280.321 280.975 269.107 1194.828 298.113 263.903 234.861 2010.455 308.309 321.967 236.18 309.693 261.467 249.509 247.533 241.792 284.94 304.575 
291.977 341.229 307.309 265.287 318.298 295.498 260.427 269.358 312.747 262.708 250.003 871.303 254.665 315.325 282.891 281.001 278.62 1235.96 298.679 265.456 253.513 2010.948 311.705 324.581 243.947 313.946 271.037 251.904 256.756 248.178 286.291 313.758 
292.394 343.112 308.117 268.531 324.788 298.744 260.617 269.821 313.214 264.946 286.012 873.781 261.555 317.348 308.842 282.372 279.427 1237.271 299.441 266.809 257.537 2015.516 314.668 340.988 254.355 314.688 274.962 260.972 257.705 255.067 286.772 315.658 
296.211 343.476 309.354 272.061 325.562 301.606 261.759 270.178 314.829 285.512 287.091 874.413 261.592 326.644 315.007 298.673 292.185 1241.057 300.876 274.401 269.046 2019.418 319.152 341.573 255.749 321.203 282.403 274.736 261.298 258.736 289.881 355.916 
306.012 347.512 327.355 273.252 329.531 308.782 261.83 270.334 316.861 297.228 289.861 875.031 274.309 332.909 316.7 313.007 297.698 1241.35 301.297 290.255 271.563 2021.411 319.392 346.02 257.674 321.287 284.452 309.244 263.021 263.549 290.225 355.931 
310.553 348.292 328.664 281.381 330.144 309.354 262.117 281.028 319.169 303.975 292.207 880.714 283.051 333.506 316.804 318.168 308.983 1246.066 317.916 294.788 281.607 2021.785 320.591 347.106 283.22 321.824 293.185 332.676 279.168 279.219 291.49 356.11 
311.711 348.646 328.849 283.169 330.814 313.451 266.824 288.023 327.192 308.53 292.392 881.597 284.5 334.981 319.622 326.196 309.021 1247.229 320.477 295.746 283.201 2023.311 321.612 350.159 283.861 322.043 296.74 333.142 284.405 290.432 299.107 356.426 
312.379 349.827 339.517 304.943 346.039 325.799 284.668 302.707 327.844 350.236 293.017 893.563 285.782 338.79 329.155 330.393 325.781 1248.199 324.357 295.967 292.029 2024.538 323.934 354.86 283.891 326.318 297.927 335.476 284.541 292.497 304.482 358.478 
315.825 350.402 342.65 308.331 346.462 326.277 300.092 302.857 328.3 350.938 294.141 894.833 289.074 351.898 333.286 332.455 333.14 1270.605 325.095 297.393 295.677 2026.469 329.885 358.759 288.135 326.682 303.44 345.26 285.398 294.546 310.573 367.746 
317.957 351.481 344.419 319.649 348.326 326.818 323.569 326.44 328.361 354.983 295.92 1186.592 289.923 357.631 342.889 336.774 338.661 1273.032 325.476 298.036 297.053 2027.339 334.77 360.141 290.604 327.733 304.187 354.992 286.843 297.545 315.364 367.82 
321.071 351.81 345.863 327.989 349.063 327.142 331.484 331.056 329.876 357.519 299.728 1192.535 290.191 363.81 351.591 345.992 339.667 1289.301 326.546 310.399 304.629 2027.362 336.584 360.998 296.77 329.233 304.496 355.215 301.842 301.987 320.207 376.48 
322.74 360.726 362.94 330.559 349.499 336.592 336.022 331.97 330.981 360.126 301.941 1193.792 290.299 364.094 353.602 347.837 351.149 1296.967 329.75 315.096 306.189 2027.736 340.379 365.45 304.002 329.505 307.597 357.668 309.217 314.958 321.98 376.593 
325.798 361.26 391.352 332.325 352.108 338.389 340.758 339.387 331.377 360.337 320.377 1194.252 293.86 364.183 354.254 347.838 351.621 1297.18 330.325 329.221 309.142 2028.04 340.398 366.468 306.116 341.793 312.725 377.521 320.813 317.167 325.684 376.772 
333.016 370.17 401.918 333.738 353.951 343.497 342.226 376.558 332.211 360.457 325.734 1194.764 303.496 364.678 363.37 348.366 361.893 1309.374 330.622 342.445 318.758 2028.691 341.483 397.484 320.059 343.918 313.017 394.686 321.543 322.808 336.517 377.8 
342.342 370.987 407.355 334.121 354.42 344.799 360.404 381.302 337.015 361.14 330.833 1195.495 303.718 365.354 370.438 350.581 366.982 1310.921 331.608 351.739 352.165 2029.795 342.804 411.424 337.264 355.689 314.161 395.415 328.195 323.558 343.91 378.799 
348.51 375.157 409.959 336.953 354.792 346.785 363.716 381.462 342.222 361.74 332.089 1196.475 306.105 365.483 371.019 351.436 376.823 1327.818 332.008 359.389 355.747 2031.182 350.968 413.671 337.645 359.126 330.572 396.676 369.831 323.955 344.679 381.786 
354.589 383.853 411.032 338.799 364.913 355.011 365.685 388.721 345.722 363.366 333.036 1196.591 314.487 368.842 386.535 354.169 377.583 1339.81 332.505 361.878 356.246 2034.011 357.839 414.363 338.919 359.894 340.521 398.478 374.609 328.924 346.25 382.768 
355.5 384.5 411.048 339.693 376.149 355.553 367.399 391.021 346.583 375.075 336.061 1196.921 320.564 373.958 390.81 356.587 386.161 1342.466 334.51 366.197 359.628 2034.774 358.715 414.821 339.207 361.594 345.111 398.579 374.953 329.85 348.541 408.03 
364.14 384.789 427.722 340.997 376.754 355.646 369.828 402.015 347.967 378.371 336.67 1197.013 327.617 379.014 393.85 357.575 394.018 1343.22 339.607 374.116 362.146 2035.037 367.895 424.929 345.072 383.556 352.462 398.629 376.319 337.597 350.181 409.138 
364.42 406.349 429.701 349.098 377.563 355.772 372.127 402.698 356.173 383.49 338.201 1197.082 329.776 379.753 393.881 357.592 400.432 1344.701 348.969 376.645 363.381 2035.622 370.182 427.993 362.385 395.928 353.062 398.83 382.073 339.913 350.653 417.869 
365.752 409.721 432.458 351.622 377.58 355.944 387.853 402.95 357.043 390.07 341.429 1197.23 331.319 391.321 394.682 358.36 413.084 1345.072 349.647 378.69 369.783 2035.632 374.011 428.561 378.316 396.204 359.981 399.826 382.218 346.512 353.686 429.995 
382.014 429.745 432.624 352.632 378.156 358.932 389.213 414.448 378.487 392.105 342.03 1197.234 332.044 393.186 397.55 359.708 413.138 1386.332 360.585 387.433 384.412 2035.775 376.967 430.666 385.497 397.528 379.668 402.82 387.436 348.814 356.082 430.211 
403.818 430.875 436.732 354.406 378.417 359.075 397.704 417.161 411.198 392.767 357.649 1197.914 334.403 409.878 429.162 360.756 413.491 1526.729 362.706 392.267 384.724 2035.885 379.302 431.24 385.635 429.992 391.284 414.934 387.674 353.784 374.122 430.659 
410.606 430.938 442.214 365.456 378.505 364.248 407.099 434.019 413.984 401.13 362.403 1198.621 338.576 413.821 430.055 368.4 413.563 1705.187 367.945 392.975 388.987 2036.338 383.803 432.667 386.465 430.074 401.199 429.973 388.206 354.951 374.456 443.687 
471.928 431.16 449.428 367.584 379.099 368.564 427.237 450.091 416.838 401.307 367.919 1199.407 343.054 417.088 438.652 374.179 414.093 1708.454 410.648 404.318 393.449 2038.168 390.009 466.688 408.593 430.647 401.337 430.192 391.601 355.924 389.984 477.532 
554.735 434.476 454.116 367.746 388.527 369.998 427.467 450.85 420.454 402.462 378.986 1199.423 348.992 417.636 485.368 385.513 417.53 1724.832 413.898 414.958 393.524 2040.852 393.354 466.689 426.974 431.098 402.021 430.33 396.148 355.976 401.718 480.061 
560.648 446.711 454.266 381.562 390.238 373.086 427.658 450.978 420.864 423.817 396.515 1201.302 349.848 418.306 495.926 392.085 424.941 1726.122 414.728 425.439 393.858 2042.752 414.294 471.089 428.818 438.775 415.191 436.398 397.422 369.018 423.559 481.042 
560.974 447.967 454.65 383.947 390.714 378.43 428.385 453.089 421.22 424.628 409.296 1201.9 350.949 418.471 499.652 424.729 429.604 1726.368 438.377 429.027 394.565 2043.113 421.032 472.201 429.132 440.976 422.99 437.487 398.206 378.414 430.116 484.713 
576.894 448.138 459.366 391.179 390.859 382.65 430.366 459.71 421.709 449.252 410.102 1202.496 351.48 423.943 501.9 439.016 430.276 1728.289 439.345 430.607 408.458 2043.53 423.682 488.325 429.411 441.402 436.588 439.814 400.39 395.164 436.595 507.661 
577.549 448.25 459.634 407.357 393.01 389.678 432.381 460.364 426.779 460.737 418.102 1203.036 374.28 442.962 503.486 444.6 449.32 1728.905 444.159 444.09 409.89 2044.885 423.99 493.756 430.838 468.609 436.915 448.486 403.611 420.845 444.109 530.962 
600.423 448.956 459.794 409.119 398.994 389.97 434.947 463.497 429.891 461.885 418.843 1203.98 376.906 444.082 504.614 445.028 451.095 1729.108 458.79 444.587 410.959 2046.887 452.064 494.06 432.224 476.058 438.501 450.825 411.851 421.925 471.866 532.146 
605.644 451.048 461.747 415.956 400.499 392.079 435.528 480.029 431.138 461.972 421.125 1203.981 379.564 444.181 508.147 445.623 491.393 1795.83 464.667 445.375 428.508 2047.247 458.322 495.277 433.643 519.813 438.776 455.8 422.05 427.571 474.759 534.723 
647.222 461.284 463.811 416.798 402.559 392.106 455.004 481.458 434.872 471.537 421.384 1204.421 385.275 445.024 508.657 445.651 530.09 1795.968 481.17 458.698 442.627 2048.177 470.005 496.882 433.755 527.674 453.789 458.925 429.791 430.378 482.157 535.289 
692.602 465.75 465.883 432.071 402.887 393.131 466.07 499.606 435.827 472.232 426.467 1204.675 388.661 445.543 513.028 457.092 542.643 1813.527 489.878 481.946 454.225 2050.967 512.542 497.857 434.526 532.304 454.051 467.795 440.924 433.254 486.126 552.046 
693.779 466.607 482.575 433.839 409.417 393.284 469.126 505.879 438.462 478.82 429.949 1204.893 390.586 474.014 514.373 457.545 560.038 1837.164 490.038 488.843 459.83 2053.942 516.61 497.926 436.403 532.683 465.897 520.611 440.928 434.143 486.208 552.171 
696.355 528.051 499.451 440.369 421.159 394.233 472.578 507.312 443.79 480.095 432.69 1205.127 393.157 499.869 516.237 465.734 562.105 1840.201 498.886 493.11 466.699 2055.909 536.572 498.059 475.459 534.023 466.384 523.93 440.945 435.954 492.822 555.757 
708.875 539.946 501.415 440.763 428.406 394.367 473.663 507.821 445.203 482.35 456.188 1205.339 395.985 499.89 517.486 468.316 583.244 1847.455 501.907 505.34 471.126 2056.751 553.871 502.869 481.646 556.004 471.052 526.215 445.503 440.312 503.528 564.624 
756.551 547.888 504.39 451.203 432.354 400.108 477.153 513.347 447.436 518.073 475.594 1205.922 400.484 552.331 518.637 469.066 589.747 1948.331 505.799 510.713 472.007 2057.107 554.382 513.404 484.555 560.155 478.947 542.635 463.623 461.995 504.741 583.681 
797.761 556.291 504.872 468.035 440.74 400.559 481.405 514.063 458.421 522.942 476.101 1206.011 400.518 554.387 518.999 469.327 593.731 1987.103 507.583 514.339 476.85 2057.345 554.935 515.813 491.075 568.39 481.857 563.325 481.045 467.388 507.298 583.89 
816.642 628.597 515.569 474.683 443.248 400.858 484.982 535.555 459.973 543.794 481.14 1206.726 405.036 560.864 521.451 487.517 600.795 2025.914 508.031 516.853 479.974 2058.008 556.6 516.815 493.143 572.909 523.913 567.44 485.244 474.018 512.936 584.637 
832.881 641.793 519.972 481.033 445.778 401.485 492.67 546.947 469.618 551.03 485.831 1206.764 406.248 599.575 522.25 502.524 600.94 2028.975 523.108 521.014 501.364 2058.209 556.708 518.245 493.202 574.593 531.397 591.601 490.082 478.066 534.395 586.912 
839.261 641.799 527.886 485.809 448.388 475.698 494.262 548.082 497.83 558.165 486.605 1206.958 435.853 644.327 523.538 503.53 619.113 2029.346 528.88 528.266 502.183 2058.347 559.23 525.827 494.598 575.625 541.842 600.89 496.611 481.051 537.91 588.344 
842.391 642.518 528.287 501.689 449.88 476.92 494.5 548.526 506.461 600.845 487.044 1207.074 442.057 661.157 525.71 538.664 655.69 2033.353 529.404 557.243 514.443 2058.652 560.139 533.697 497.912 576.171 543.768 606.419 509.548 492.004 561.925 588.497 
962.044 645.032 535.191 504.046 451.356 479.387 496.308 548.703 510.704 647.484 488.415 1207.077 444.761 671.713 533.463 560.665 656.474 2074.214 534.632 577.996 516.767 2059.098 560.686 534.137 500.76 577.439 547.04 617.383 513.257 493.558 570.12 591.505 
967.452 645.158 554.665 523.934 455.139 495.307 507.473 550.092 521.071 648.407 489.184 1207.779 457.772 677.722 541.688 562.703 656.996 2113.97 538.974 593.459 520.172 2059.845 566.705 534.172 508.294 577.684 558.75 643.716 520.542 501.781 585.912 606.506 
985.038 645.562 555.225 524.766 455.6 498.56 509.042 557.381 530.235 653.179 489.197 1213.172 459.864 679.174 583.541 574.715 674.158 2114.021 550.335 596.505 525.259 2059.903 572.558 534.474 508.705 583.771 571.871 662.861 551.294 501.816 592.856 615.096 
995.226 646.04 559.603 533.063 456.198 513.943 511.087 559.954 530.854 653.586 491.551 1222.529 461.05 680.75 592.285 575.141 677.434 2114.622 555.491 612.768 557.983 2059.944 573.825 544.043 510.63 589.377 573.955 665.913 574.144 516.766 594.661 615.416 
1032.459 646.669 567.779 537.701 458.541 521.404 512.538 562.247 537.875 654.058 492.218 1226.38 461.642 721.926 592.934 598.673 696.012 2116.918 562.9 613.677 558.234 2060.357 578.241 544.582 510.979 591.541 574.651 675.224 586.897 524.268 594.916 619.087 
1033.064 646.932 568.369 568.608 460.033 526.078 512.929 564.448 538.493 654.738 493.311 1227.959 503.0 728.598 596.375 599.565 709.422 2117.555 564.508 655.203 558.336 2061.289 579.603 569.607 513.518 600.696 575.129 681.628 606.967 525.57 596.267 630.782 
1034.705 646.985 568.822 569.144 461.194 552.688 514.361 564.54 566.266 658.79 493.604 1230.21 506.544 736.123 596.767 623.754 712.162 2118.674 569.62 683.733 559.629 2061.388 581.989 628.057 519.744 602.074 575.82 699.191 608.283 527.718 597.353 631.024 
1044.04 647.141 568.898 584.408 484.284 570.105 524.99 565.265 566.701 678.148 495.171 1253.23 509.726 742.252 597.346 624.055 726.858 2119.506 570.998 702.639 560.017 2061.527 583.001 629.272 522.295 617.109 577.504 701.612 608.361 535.139 598.056 633.019 
1070.825 647.17 569.168 586.891 489.588 570.871 527.203 566.962 566.92 690.996 515.834 1253.811 511.198 803.532 597.774 624.133 727.927 2120.728 571.002 721.636 566.371 2063.266 589.41 629.32 530.313 618.542 579.18 705.058 611.065 536.566 599.383 642.449 
1071.115 647.443 569.556 587.099 516.568 572.738 538.719 651.511 567.416 700.872 516.19 1256.619 514.39 804.409 598.297 631.956 730.716 2121.607 579.084 754.803 572.663 2063.309 589.993 629.593 536.798 620.12 585.239 706.946 611.224 560.983 611.165 645.237 
1082.229 647.457 569.944 588.178 521.472 577.155 553.999 651.944 567.832 701.658 516.823 1259.603 526.906 805.364 598.574 642.151 730.889 2121.843 582.077 756.537 573.517 2063.488 590.623 630.291 537.034 620.939 588.337 707.95 618.992 561.523 613.228 654.407 
1082.307 647.609 573.834 598.049 547.173 577.344 554.518 652.154 576.058 713.786 518.311 1259.612 528.583 807.065 599.901 648.211 730.973 2122.031 582.649 759.051 575.179 2063.499 598.647 643.746 541.942 622.39 592.105 713.646 624.566 569.573 614.554 666.35 
1105.24 647.765 585.324 604.485 548.765 577.357 554.898 652.858 577.307 726.329 519.576 1261.625 528.783 842.527 600.552 659.303 745.856 2123.374 583.033 767.897 578.376 2064.441 598.726 648.429 545.289 626.25 607.198 719.255 626.796 577.88 614.781 666.755 
1111.425 648.045 598.956 605.07 549.195 577.622 554.97 654.342 578.247 733.39 521.12 1262.567 532.733 842.824 609.179 659.359 746.287 2127.923 596.255 820.445 580.239 2064.709 601.201 665.906 545.68 638.381 607.887 739.2 635.751 578.16 615.521 685.777 
1141.484 648.376 601.804 607.864 549.497 579.038 561.575 660.473 585.497 734.181 521.317 1263.647 533.641 842.948 611.145 659.468 746.552 2133.234 598.433 820.487 583.958 2065.096 603.316 675.96 545.822 651.472 627.306 739.463 637.476 580.733 615.648 699.679 
1141.62 650.148 623.903 619.619 554.459 579.207 564.251 662.533 590.766 734.646 521.65 1268.872 537.501 844.056 611.158 660.076 753.052 2133.582 615.675 820.848 584.086 2065.112 606.163 690.486 550.964 652.306 648.439 739.946 637.661 592.981 625.842 724.974 
1142.489 650.25 630.246 620.371 556.784 579.733 564.726 666.132 604.081 735.678 521.866 1272.594 537.784 844.465 615.509 660.162 754.564 2136.959 616.574 820.957 585.144 2066.212 608.977 691.322 555.073 668.167 653.289 741.454 638.414 623.123 629.101 727.436 
1144.522 659.142 631.073 620.44 566.077 580.337 568.776 674.407 616.144 740.893 523.661 1279.253 544.764 845.149 616.767 660.255 755.17 2138.302 617.286 821.573 587.688 2066.276 626.234 692.012 570.954 674.335 661.99 745.013 638.757 624.305 649.574 733.763 
1150.648 659.935 631.525 620.516 568.077 583.625 571.899 674.472 630.207 746.65 535.628 1285.499 545.163 847.505 623.013 660.401 768.507 2138.509 626.162 826.401 596.48 2066.809 633.687 692.802 571.018 677.987 662.795 746.662 641.626 669.11 653.366 757.759 
1153.951 660.91 637.692 630.377 572.182 584.152 572.776 675.891 630.328 748.951 542.748 1286.142 546.616 854.186 625.779 660.679 773.156 2139.566 631.063 828.97 607.528 2071.681 650.504 693.74 571.02 683.298 702.391 753.679 649.492 699.999 671.929 757.996 
1155.874 660.938 638.329 630.773 573.302 585.527 575.463 676.286 631.281 749.801 550.77 1288.092 546.759 870.379 627.604 660.703 774.417 2155.185 634.968 832.037 608.941 2071.793 665.294 693.76 576.022 685.004 712.889 753.716 651.936 700.366 696.796 759.687 
1171.322 661.485 650.8 631.097 573.709 594.366 588.509 678.088 664.539 750.099 552.396 1288.916 551.412 880.785 633.063 661.016 776.126 2155.462 638.582 839.284 611.269 2072.348 668.795 695.849 582.18 690.408 718.403 755.595 657.034 707.819 712.342 774.978 
1198.939 661.613 656.237 632.546 574.224 595.454 591.005 679.405 669.895 753.419 560.895 1289.121 554.761 880.844 639.522 661.198 789.465 2156.598 638.611 839.347 616.165 2072.929 670.337 695.923 582.78 697.418 718.536 757.101 668.037 708.115 723.675 778.918 
1206.69 661.811 656.839 635.631 580.447 595.846 592.752 680.951 693.436 753.83 561.139 1294.359 556.606 881.747 639.941 699.808 794.241 2156.856 665.483 839.661 619.163 2083.15 670.765 696.028 583.598 697.528 719.75 763.669 675.027 709.656 725.396 779.976 
1212.994 662.19 657.282 648.798 583.482 595.923 597.522 681.019 693.708 757.36 565.505 1322.452 556.945 882.191 645.636 700.878 794.729 2156.87 694.683 839.716 619.673 2086.384 674.265 696.212 592.064 702.193 720.948 764.041 675.654 712.428 726.838 786.166 
1222.491 662.34 658.031 649.782 583.551 604.296 598.886 682.406 694.323 760.461 571.255 1323.066 560.432 883.034 659.077 701.355 799.91 2157.279 695.432 841.626 623.417 2117.483 679.953 696.289 610.564 702.693 725.188 765.323 678.117 718.59 727.193 787.107 
1235.771 664.884 661.731 656.078 583.853 604.501 620.832 682.526 696.293 769.523 571.738 1323.187 567.757 883.701 663.476 704.365 805.262 2157.534 706.072 841.7 625.477 2119.701 684.177 696.849 612.677 703.018 741.661 765.362 682.807 722.955 727.321 788.5 
1241.294 677.925 706.88 657.598 584.596 604.538 629.561 682.792 705.994 773.388 580.034 1324.489 584.864 885.968 669.981 704.43 814.017 2157.73 725.805 845.175 635.27 2123.127 685.264 698.13 612.901 705.285 747.075 777.624 685.93 724.5 743.928 789.563 
1243.668 681.531 719.174 660.548 584.649 604.994 662.729 682.923 717.942 777.588 580.167 1326.002 585.489 886.093 672.439 721.899 823.394 2157.737 726.49 850.848 639.028 2124.421 685.948 698.201 622.328 710.552 751.411 778.489 686.338 729.495 760.431 805.168 
1486.545 713.978 720.263 672.558 592.746 605.233 750.581 683.241 721.653 783.663 584.851 1328.807 604.537 897.715 699.114 739.549 831.723 2157.821 726.663 859.75 645.689 2124.749 688.243 699.762 633.848 717.45 751.985 779.639 687.758 743.092 760.506 805.564 
1508.783 746.034 720.677 684.55 601.811 618.875 751.085 683.256 724.876 784.688 585.824 1329.789 614.703 899.053 707.001 767.696 835.31 2157.869 729.644 860.931 646.08 2124.991 690.562 700.007 656.541 721.141 768.996 783.925 695.528 759.542 761.322 805.966 
1514.339 782.911 724.959 722.024 603.316 620.604 753.797 683.983 727.93 784.775 585.957 1329.945 617.925 899.632 717.781 806.937 843.714 2157.922 731.292 885.242 673.494 2126.531 706.45 701.407 656.661 721.967 779.528 784.049 699.28 771.243 775.441 806.986 
1518.654 790.148 725.129 753.598 616.347 623.315 759.581 684.055 730.251 802.753 681.687 1333.603 618.461 899.966 730.505 835.757 844.087 2157.992 745.435 898.188 688.901 2127.298 714.98 702.394 657.848 730.178 802.447 798.49 702.598 772.393 778.4 817.012 
1548.993 800.682 726.073 773.819 638.225 633.499 770.29 684.346 743.75 810.15 703.397 1335.903 638.123 899.978 734.942 865.903 847.632 2158.129 746.056 914.147 692.834 2127.39 731.562 702.568 661.55 734.793 866.196 799.235 705.255 782.888 779.29 840.847 
1549.0 857.401 775.995 814.028 639.614 646.972 842.105 685.378 765.867 830.778 712.28 1351.279 641.687 900.387 767.97 867.922 848.273 2158.221 753.105 923.815 693.154 2136.604 735.814 715.656 675.285 736.432 911.013 809.23 706.574 791.416 781.042 847.0 
1550.017 871.493 785.436 884.223 668.634 655.772 853.387 685.611 793.004 831.857 726.788 1355.212 648.597 901.028 791.009 954.997 858.135 2158.435 757.805 927.63 704.28 2148.966 741.942 738.509 677.27 739.394 912.593 813.112 712.435 803.174 802.316 854.12 
1550.333 879.334 787.513 934.118 722.799 669.964 858.354 686.465 810.354 838.709 764.517 1356.901 683.642 903.057 824.696 960.788 858.673 2158.52 760.368 1133.635 704.799 2162.652 744.101 739.333 705.534 740.443 915.617 828.365 745.292 810.239 834.638 858.275 
1550.723 903.147 789.88 945.076 723.129 728.484 877.155 686.509 833.533 850.204 775.488 1358.806 699.919 903.475 828.457 969.515 861.169 2158.527 769.497 1140.648 705.041 2182.872 746.021 810.126 705.996 751.469 946.463 828.466 759.411 892.325 855.711 864.821 
1554.977 912.605 821.742 1175.346 769.13 730.496 880.217 707.394 850.266 862.849 780.443 1363.429 713.292 917.124 828.538 1033.853 881.102 2158.796 791.285 1141.673 706.364 2197.373 764.319 870.129 716.661 795.856 1098.391 837.084 869.379 893.054 863.112 888.092 
1561.301 940.461 821.985 1181.173 783.536 747.897 891.944 738.107 878.327 894.292 874.447 1369.09 719.117 918.016 829.331 1241.326 1075.81 2159.148 819.995 1216.182 714.163 2201.102 765.884 1497.218 813.044 797.002 1141.544 837.175 1070.278 959.258 1013.351 913.724 
1561.441 1197.635 823.244 1318.252 820.39 787.68 911.524 766.622 888.318 912.124 892.479 1380.14 744.76 918.45 836.372 1257.399 1157.515 2159.439 829.975 1248.715 776.806 2265.57 781.704 1635.726 855.522 858.76 1150.802 841.895 1070.323 968.938 1017.776 922.496 
1563.247 1199.996 829.767 1429.82 821.487 831.572 922.246 789.432 1069.716 922.152 1150.595 1393.625 755.794 919.373 836.807 1259.179 1200.836 2159.803 854.14 1251.69 777.373 2347.052 796.383 1811.876 907.249 879.325 1220.828 843.49 1072.014 1167.299 1021.492 1109.435 
1563.422 1200.352 859.009 1430.499 901.033 866.794 929.313 797.819 1170.339 930.977 1150.968 1394.792 757.665 921.478 894.695 1260.718 1336.043 2159.917 854.745 1255.184 786.82 2372.506 808.672 1874.0 1086.66 891.493 1279.771 853.666 1072.745 1187.269 1022.409 1119.536 
1564.402 1218.604 869.935 1501.982 926.355 1013.764 1175.35 804.212 1170.733 1012.706 1274.192 1395.68 785.482 925.388 908.928 1275.844 1339.366 2175.976 882.449 1311.057 1680.27 2380.273 1156.353 2321.803 1333.996 936.483 1298.86 876.5 1124.858 1187.528 1145.103 1143.379 
1564.533 1313.544 886.073 1507.767 930.385 1023.402 1175.372 805.06 1321.527 1012.976 1305.82 1431.433 832.786 932.659 978.642 1276.826 1362.033 2176.733 1196.16 1363.196 1700.054 2437.279 1215.724 2331.647 1635.051 1146.031 1299.962 1145.954 1152.909 1189.319 1150.774 1814.844 
1565.672 1360.526 932.946 1541.82 1004.532 1063.075 1175.492 858.915 1375.31 1043.444 1418.262 1449.147 936.734 936.038 1564.593 1279.989 1496.633 2187.59 1196.59 1364.635 1832.388 2469.681 1289.639 2402.675 1694.402 1149.02 1395.546 1148.245 1179.913 1190.972 1268.176 2208.683 
1565.678 1382.21 1108.513 1869.995 1118.368 1070.994 1442.476 1050.675 1489.907 1049.661 1472.066 1499.473 954.09 970.74 1629.342 1414.882 1547.932 2189.295 1199.933 1365.661 1891.918 2680.217 1322.739 2405.665 1780.997 1158.268 1420.736 1290.316 1302.806 1290.539 1359.131 2307.665 
1566.009 1528.318 1117.825 1915.065 1131.151 1167.745 1517.086 1121.08 1493.488 1260.668 2189.628 1521.483 1123.232 1011.072 1659.392 1628.976 1558.404 2189.729 1285.222 1394.864 1934.153 2696.854 1429.43 2534.297 1825.053 1197.174 1464.348 1401.095 1319.077 1370.896 1395.598 2434.038 
1577.85 1528.828 1121.725 2172.64 1178.759 1190.629 1590.401 1226.782 1617.536 1318.874 2494.371 1617.508 1149.661 1045.075 1711.501 1642.411 1596.691 2191.311 1847.536 1672.178 2905.409 2766.622 1505.049 2573.602 1838.136 1273.049 1636.324 1444.876 1364.28 1412.546 1476.633 2544.293 
