42022057 36825327 35171229 34144011 29868895 27740995 33774553 31669998 35248657 31154068 31995169 48441663 29394229 36233671 32577783 37396072 38286872 51101976 32071982 33991877 34003275 66293912 34326487 37783130 29917533 33106686 30968316 33682178 29854337 32165378 30969223 36916283 
62972838 64571368 65281094 58024740 57667367 56742650 57731373 58045514 61968941 58642204 55345810 58147471 57452624 56972598 61451112 58286503 61191149 61132570 57655650 54985584 53585524 78836252 59257113 59543659 57401405 60330647 58804294 56028583 56492222 57969225 57432734 58766950 
69495059 64580730 66463917 59459580 58353483 61687606 58025315 58077496 62848686 59120301 61086685 65251610 60769190 57040280 61631887 58652131 61283429 64814127 58822422 56479946 62812025 80326426 60357141 62892096 59413388 63180207 59970538 58440540 58066441 61732626 62546796 64787785 
69736149 65922567 67404247 60809786 59580550 66005771 63800168 62629383 64604973 62697535 61142633 68298491 63238176 62401194 64376607 60685229 61926484 68106199 62852063 57771815 64822271 87220643 60814273 63640761 60166228 66012720 61121592 62627865 58281609 61794144 62611469 69305397 
74264776 68299636 68340121 61228194 64805650 68414158 64176006 63784054 66184935 64289688 62645604 71037829 63638413 64709253 65510129 62253251 64846079 68556504 63507259 58040592 65753035 89406372 65701723 65664848 60903593 66382502 61919902 64588987 63681307 62293806 64049253 70372879 
75587773 70048507 68342994 63377808 65410012 68488191 65524264 63957965 66890749 64997930 62876919 72025508 63749396 66482257 68112444 64372319 67476295 69679182 66041272 59914968 66127638 90533308 67431187 67344710 62421027 67782483 62725389 67001664 64878539 64974730 64829846 70529710 
75827602 71067847 69420480 66023565 66010361 69549014 65651426 64548938 67484267 65792933 65031755 72682923 64415971 69194826 69890888 64865668 68591027 72805177 68138797 63095775 66740264 90880769 67907464 68198794 62819985 68652345 66879486 68848650 65472387 66254386 64964851 71327366 
76547114 72247985 69770343 68018781 67271219 70333927 66970940 68588205 67639781 66715320 67190367 72816203 65022555 71292455 70833023 66677278 71267266 73018210 68156175 64906027 67520530 92122848 69662834 68590249 63310742 72750162 66902681 70490591 68100180 66615029 67396431 71543179 
76832814 72974725 70479536 68797849 69011296 70434099 67077287 69279431 67743052 69681624 67225988 73034002 65365471 71564769 71222834 66691983 71413134 73387269 68617881 64993684 68023853 92217536 70337599 70289602 63881827 73989875 67158841 71229857 68201525 66743197 67931625 72286749 
77262153 75355188 70935673 69015170 69090913 70913543 69620727 69498695 68806063 70766552 69832448 75335330 66006774 71968668 71329723 68237797 75572799 73523347 68650097 65434857 68988304 94292928 70802930 71146498 65549017 74500435 67760697 72502299 68710921 67414242 67933753 72600078 
77382802 75952704 73183729 69176384 69653278 73477795 70171389 70848583 68856651 72212763 70818311 78254851 66715327 73062905 71536809 69307503 75800170 74381574 69143877 66354567 70607115 95130143 71374873 71424302 67843572 74619409 67836024 72766276 69531329 68243832 68491043 73636100 
79143706 76507911 73719191 70344742 69677168 74117031 70299632 71189723 70316091 73807635 70952762 78311480 67277995 74381955 73608742 69310777 76260997 74401156 70400395 67034848 71493958 95540431 71988712 72719452 68686524 74738671 68186949 73370362 69680897 69059842 69302005 74412618 
80250508 77232923 74913794 70932883 70237066 74719087 71051743 74180497 70748082 74066556 71006521 79539065 68436361 74802023 74366189 69739439 77544689 74569870 71515737 68185925 73004062 96380719 72209891 73416601 69833706 75149389 68935480 74014763 69830558 70355645 69883783 74645544 
81862559 77362581 75392182 74652011 70472799 75968251 71758668 74921996 70806828 75199401 72349076 79644780 70917126 75685882 74572558 69880923 77827499 74616835 72709708 70734667 73939311 97850726 75874465 73581508 71115662 75833941 69867897 74370541 70324058 70726755 70666568 77994517 
82281785 78126900 75955613 74691328 70817214 76511173 71846644 75281339 72322303 75491746 72486019 79924308 70976082 75748514 74716953 70521092 78449944 74804668 73682486 72748941 76193389 97943783 77888838 75248257 71648901 76011114 70465870 74470164 70951638 73142167 71702622 78678395 
82458990 78932647 76706602 74696838 70923447 76529179 71876187 75354999 72941316 76880141 73240838 80381043 70991459 76675729 75234004 70614428 79712464 75042032 74084265 73634295 76256242 98594335 79261343 76490583 73283558 76199498 70649490 74656446 71244095 73233784 72742297 78839587 
82833382 79925938 77081690 74923054 71641624 76806858 73541523 75649715 73444026 77663060 73441604 80709647 72281193 78985838 75278970 71056896 80092301 76172245 74141374 73651704 77211411 100997122 79281785 78534320 73646396 78107407 72675794 75974515 72923289 73728115 73035263 80402913 
85806798 80098459 77250184 75440301 74547580 77672924 73993783 76350578 73461616 79695212 75517204 80859683 73093146 79783721 75365753 71298112 81336745 77016320 75378062 74361425 77546177 101870274 79521023 78879392 74267129 78333657 73830581 76034137 73527143 74529838 73321557 80567710 
86570021 81131684 77451712 75857362 74666715 77972296 74182793 76694643 73642231 81364353 75787985 81435120 73325054 80319522 76306502 73232473 81683413 77786569 76050782 74515371 77918317 102302501 79610587 79919085 74307501 78798411 75012057 76810549 73579410 74551354 74328039 80807617 
86609679 81320044 77485708 75857475 74716980 79110220 74231151 76704867 73833285 81417972 75794554 82005624 73861443 80813355 76797451 73239521 82667825 78259423 76300484 76368620 78103581 102945375 79633565 80656318 74897934 79171314 75273366 77147357 74298967 74970789 74527452 81146338 
87709654 82064451 77502204 75979752 75064316 79402418 74396702 76737278 74369384 82251182 77185459 82889530 74512792 81269958 77285380 75464360 82701698 78352598 77177544 77533070 78133492 105647521 79836875 80832933 75628619 79325067 75384358 78006014 74616289 75367561 75188784 82043794 
88030359 82183087 77642578 76239910 75550938 79689938 74882587 77622090 77004589 82272273 78135522 83040778 74559557 82292835 77301470 76527302 83137010 79015297 77762855 78064833 78457774 106092264 80272292 81110159 75812830 79838859 77779392 78801238 74833761 76385453 76977709 82405870 
88476287 82842881 77765695 76842095 76191644 79934770 75185402 77718626 77468994 82583544 78823415 83154532 75046551 82613214 77503405 77397557 83651521 79542925 77784942 79043090 78546727 106250293 80418272 81270914 76536527 80122261 78130287 79414329 75144196 77244597 77003682 83766186 
89324528 83199410 78911564 77359075 77255962 80605873 75423581 77818094 77497274 83146442 79212600 83663053 75205431 83648825 77513407 78221903 85012441 79793205 77847360 79824307 78613680 106544843 80491283 81658288 76809477 80352654 78533030 80591977 75183988 77954754 78346369 83836275 
89338077 83245689 79024751 77426086 77393996 81876621 79007565 78219059 79539455 83455799 79472999 83873746 75728961 84019783 78798228 78368516 85489063 81226936 78035824 80173208 78981633 108230767 81077949 81983664 77616929 80643184 79703143 80890642 75331014 78121698 80117378 84624978 
90689726 83515295 79047316 79230923 77401301 82071139 79295634 81099544 80334327 84290924 80048411 84398143 75760492 84111922 79458199 78557079 86034715 81342407 78733547 80211679 80380346 109239238 82700538 82246531 77898051 81078894 79922090 81027168 76025822 78876149 80127531 85462338 
91024842 84860257 81662894 80464393 78457522 82175716 80837675 82075423 81444765 84735927 80159314 85629248 75766237 84579539 79580766 79234081 86434526 82037247 79495430 83214629 81270081 111152688 82930183 82433746 78068660 81106469 80071722 81064043 76688407 78943065 80390827 85925836 
91729205 84967260 83036298 80782697 79099594 82405442 81722083 83067230 81508655 85363428 80433821 86489733 76224601 84972271 79697042 79522905 86596826 82529015 79644180 83311549 81353612 112025016 83008907 82607934 79162973 81655909 80281343 81202702 76953496 79996553 80399630 86032239 
92303303 89117113 87249757 81040316 79455714 82822263 83425561 83561035 82655515 86844546 80729056 86651039 76549883 85378378 81083262 79883915 88131251 83156133 79649830 83555606 81648272 114088781 83041095 82882708 80449603 81865596 80900397 81237902 79287436 81464511 80419272 86095672 
93431396 89584412 87515104 81306908 79795117 83614292 84061807 84383028 83676498 87471229 82078408 87125330 76758657 85806827 81162280 80361109 88276299 86233205 80432541 84509420 81760860 115500515 84778783 83497029 80632509 82284195 81173592 81610611 79854860 81544702 81535282 87749498 
94163705 90072687 87636830 81724478 80220440 84812075 84248616 84740022 84297612 87802896 82120431 87906167 77122116 86304723 81511056 81244448 89176450 86454556 80680186 84838213 81919438 115754201 85229016 83718536 80849601 82671655 81506958 82845537 80364263 81854266 81784165 88585609 
94460692 90964903 87700189 82282091 80241563 84965033 84865455 84967761 85604244 87822613 82302978 88454476 77205588 86766172 82268977 82205857 89549700 86715682 80878625 84857947 82248762 117048161 86020191 83908430 81179858 82899134 81685886 84391625 80647668 82922053 83429111 89467649 
95441034 91008328 87916972 83703138 80464439 85671466 84980978 87040083 85698673 88140883 82862947 88578156 77997042 87608411 82558351 82947640 89645379 87623940 81009482 84906447 82987753 117339539 86291757 84308810 81371587 82912163 82398521 84811042 80995538 83429978 83557599 89689624 
96588232 92349032 88093627 83919491 81353467 85813190 85050906 88116123 86922030 88271773 83653908 88643070 78764067 87963178 82630828 83169015 90046084 89872170 81496113 85633751 83088033 117399584 86427689 84595622 81689476 83140812 83022951 85002404 81668488 83773097 83860102 90625400 
96851534 93161969 88542162 85059275 81993960 86387967 85568602 89497236 88013879 88579842 84253241 88849228 80732031 88064645 83971465 83271652 90694327 90440016 82846498 87545171 83784486 117948612 86452057 84616627 82805182 83250732 83244524 85851384 82120378 83821957 84383853 91394208 
97413898 93600647 88827963 85374671 82063983 86496195 86450009 89777560 88287742 89141634 84275607 89549290 82111330 88176347 84564882 83378482 92441168 91059510 83592810 87930047 83899772 119251364 86979784 84698531 83095948 85004762 83402247 86133007 82138798 84704454 84533383 91686541 
98313858 94093503 89165418 85623251 83425248 86606839 86941062 90290496 88303192 89603872 84929594 90490213 82126042 88449849 85140467 84078858 92523559 91214913 84432308 88079782 83910937 119421638 87790394 85013533 83142428 85266138 84158826 86182739 82545110 85246335 84625557 92758173 
99077912 94712480 89850208 86126971 83749577 86672505 87168506 90551914 88878053 90181199 86366829 91546604 82159143 88813071 85235576 84726009 93065849 91413316 84624419 88547970 83955643 120382162 88073286 86007432 83898320 85748671 84226356 86549043 83406778 85970266 84781677 93305329 
100471897 94712842 89930020 86274550 85341334 86894690 88016569 91436101 89416239 90789269 87259676 91880382 83086417 91356686 87108656 85371407 93458118 91794676 85892973 88596664 84664570 120395383 88194616 88786615 85068954 85803852 85760169 87153454 83623626 87195825 85016698 93329275 
100582971 94895438 90187822 92732860 85569565 87418570 88376627 91571661 90006100 90857414 88088184 94528007 83095990 91397177 87311073 85397298 93777472 92559809 87055648 88733305 84910478 121493891 88800795 88901661 85889378 86178145 86115167 87331595 84403003 87256225 85363760 93790503 
102563767 95166211 90554359 93963360 86150567 87725948 89193251 93188480 90072909 91487860 89038115 94920601 83109999 91520399 87387398 85693613 94014698 93512319 88183304 89564945 86126371 121547875 88918139 89198041 86109023 86357650 86911291 87765230 84450123 89229324 85419568 93805114 
103929932 96852880 90589791 94294785 86579675 88710473 89837100 93494330 90280764 91583251 90181615 95450147 83394148 92344103 87733642 86539838 94091831 94272839 88517555 89906531 86656288 121652378 89040265 89564990 86778880 87248836 87495700 87953132 84696647 89266199 86113302 94885306 
104929984 96854875 91459250 94328367 86849111 88712320 90478703 93713799 90747740 91842226 90190745 97544908 83448024 92847310 88047480 86746178 94243713 96015897 88783663 91832077 86836249 122078903 89167487 89933526 86790810 87554186 88447925 88641293 84776524 90015920 87013192 95740792 
105037873 97029630 92267244 95150335 87200812 88820510 92880679 93890982 91284280 92445575 90756327 98220165 83460730 94093504 89585771 86760152 94669283 97216037 89704929 93007934 87166267 122764836 89253553 89962736 87497245 88415847 88675194 88687746 85463748 90077136 87402796 95744626 
105166141 97078388 93207795 96395535 87292950 89074135 93181253 95424324 91898358 93819622 91535434 98545353 84133061 95158493 89646339 87238938 95052604 102370793 90777127 93918343 87765960 123067777 90270768 91055773 88005691 88759106 89600656 88872437 85845658 90997547 87586932 95804399 
106842710 97419293 93994740 96901260 88767152 89150372 93508318 95522965 92194461 93896850 92053871 98563836 85354540 96460214 91617652 87363970 96822839 102376864 92484779 96222395 88012843 126100838 90563576 91183814 88144090 90557023 90051899 91527874 85849523 91101241 89403347 96063987 
107161930 98180331 94990881 97065294 89546472 89153537 93515234 95726685 93114051 94166864 92549073 98915139 85502242 96768227 92674372 87742990 97242969 104061699 93074923 98317711 88458020 128189178 90858925 91198085 88556124 90989551 90409790 91618491 86640629 91631556 90780330 96509227 
107395245 98913319 95132140 97460182 90665525 89158346 95285470 95943878 94399274 94590166 93559874 99232809 86155843 97036394 93392087 88060674 98820178 104985439 93218561 99499012 88606198 130479962 91181491 92999967 89237914 91127464 91731031 92120375 86903476 91738020 90977653 98271247 
109798181 99164909 95773340 98807789 91058935 89500864 95834861 96374679 95054417 94794481 94695965 99587176 87592117 98824970 93525803 88497955 99367829 105085028 93989928 100824511 90177208 130627896 91432886 93701312 89690824 92472769 91758028 92144322 86913099 91800491 91036183 99716762 
112050652 99425248 96258738 98818797 91194765 89584324 96861558 96646033 95324571 95343516 94870619 99956246 87619393 100007191 93595886 90373597 99402271 105240664 94140079 100890221 90748987 131374589 91472375 93955741 89877015 93263129 94450902 92455483 87294804 93043088 92612450 99977744 
112183155 99662534 96850140 98905264 91949679 89818926 97027709 97227851 95914731 95799273 95251710 100766730 87653154 100714785 94314778 92343948 99569591 105411257 94617783 101125967 90958109 134523254 91823625 94111942 89920033 94013774 94457391 93660991 89009108 95250272 92658468 100000349 
112215033 101172939 97146153 98932382 92112053 91021585 97681679 98199744 95916821 96736752 95723527 103469336 88188878 100765997 94459899 93448070 99812282 105861736 95260191 101509351 91065240 134756318 91988937 94904612 90041862 94749698 95801183 94227012 89141686 95568062 92929703 101949392 
113617776 101472259 97363007 99494299 92448526 91043915 97703721 98443209 96221264 99142634 96636056 105062780 88966462 101511142 94850304 95384797 100587122 106697772 96581343 101544783 92399147 135109505 92482636 96936508 90127685 94751385 98556646 94586369 89212269 95597563 93928470 101949473 
115792486 101715463 98454078 99551191 93340765 91095385 98789753 98563458 98918781 99718842 97055842 105103327 88993839 103042031 95505649 95730451 101987500 107588448 97153016 101924123 92451465 135884220 92500139 97800465 90467814 96393312 99136590 94627973 90253011 95879376 94844834 102963619 
116526599 103548269 99175322 101254342 93721587 91847886 98941511 98670670 99749166 100219857 97118876 106699455 89251751 105065501 95961447 97081716 102271460 107706366 98280028 102091359 93418666 135887897 92810307 97961522 90959108 97726660 99465083 95793039 90274105 96342196 95074840 103668064 
120580453 104082445 100191169 102221383 93958514 92110370 99153897 99143050 100328693 100446570 97218301 107053384 89745271 105621214 96253060 97733983 103532354 108884076 98879242 102515330 93573080 136415393 92989106 98350863 91202546 97921103 99940500 96160731 90806204 97933561 96071514 104506574 
125144859 105237883 100308993 102431428 94745182 92192887 99632492 99603851 100671005 100739033 98061473 107159373 90268543 107715137 96285799 99005925 103840778 109748708 99631700 103109495 94359776 137232902 93463850 98472324 93270298 97958126 100242246 97264056 91592917 99836552 97026197 104535935 
125240323 105470493 100473500 103795948 95153679 92427974 100249661 100003343 101039406 101913254 98187940 108214313 91389346 107847138 96509558 99828516 104810388 109916067 100032093 103772108 94776857 138914549 94008158 101640546 93425910 100114332 100398671 97707225 91708668 100731274 97268647 105555851 
126675395 105917397 101933234 103965393 95407069 93265815 100542600 100418414 101210575 102787244 98610902 108754856 91397520 108769745 96734774 101396825 107039788 109922535 100431845 103797945 94982910 139084119 94075454 101873538 93913533 100499433 100766669 98123277 92259200 101903041 97292611 106168150 
127313874 106416717 102215721 103989590 95511063 93445562 101246014 100437574 101948729 103209593 98831235 108890870 94501234 109385604 98619321 102915323 107911193 111207899 101468666 104133412 95584930 139586958 94672636 102143014 93964615 100607317 101128593 98134750 92513815 102345616 98012615 107426649 
128252541 106725206 102972269 104432412 95513552 93763791 101872152 101100800 102570906 103435026 99164647 109416501 95685597 109604100 98655025 105815021 109047639 111253580 101555312 104464622 96429787 142001665 94951050 102713172 95157120 101008939 102874005 98258266 93849450 102532361 98490674 108728174 
130117191 107971183 103118443 105894732 95868291 94434177 102619489 101712282 102653971 104923644 99644496 109903280 95931577 109795928 100043940 105849860 109846698 113169231 101641127 105260089 97959476 144097547 95280985 102767385 95201809 101054655 104814125 98351111 94047078 102735144 99747454 108789390 
130264550 109242493 104123686 105986245 96752491 94817362 103670067 102111582 103045357 105469386 100399581 110393907 96280694 109916538 100453145 106428212 110700494 113303611 104199291 105762699 99245790 144901369 95382913 103112639 95703581 101113503 107103436 98821611 95161353 104066284 99928590 108846200 
131082956 110093505 105601639 106264520 97719850 95067839 104120821 102645444 105436073 106146146 100621734 110832677 96368526 110074965 100541662 106467368 110761741 113613012 104868509 107758141 100145728 145627276 95764711 103144615 97448380 101529199 107468515 98951114 95676111 105324810 99966435 109730600 
131446200 110571046 105640514 106354073 97773269 95471738 104517192 102865736 105487525 107417093 101692131 111872561 97509384 110513492 101872078 106525059 112123041 116142879 105081671 108115665 100823687 145719187 97029735 103319950 97799452 102088428 107482907 100178616 96312851 105914664 100652367 110415847 
132151530 110770612 107224227 106471119 98235444 97522487 104881700 104515358 105621792 109660727 102055824 112068249 97766442 111703193 102113319 107827401 112167357 116819384 105159386 109004092 101474496 146918621 97146730 103642563 99734335 102599681 107977672 100465328 97495531 106468379 102455056 110436792 
132383233 111113239 107331689 107336384 98317422 97869809 105991830 106386860 105785965 110077207 103442730 112110917 97837821 112507510 102742934 108146017 113066362 117623472 105199901 109618615 103572351 147252808 97229437 103719394 99894771 102739937 108137839 100496244 99394800 107079183 104796487 110986639 
132512535 112412360 107416114 107561751 98445277 99101238 106346803 106781686 107965731 110473780 103554102 112234768 98048135 113804292 103226977 108624773 113181401 118892359 105831317 111529027 103593745 148451160 98505275 104126162 99972842 103271201 109812979 101104947 99925527 107115820 105347791 113553931 
132691167 112923650 107604963 108706059 98620247 99926177 106841606 107039057 108621077 110545479 104197674 112946712 98197480 114547742 103907049 113173314 113244841 119558581 106243189 112428730 105538871 148605341 100443792 104245709 100348242 105842624 110015014 105325118 100201616 107377832 105457051 113844331 
132849171 114249923 108261800 110978691 99155320 100263925 107082863 109136616 108751520 111114623 104302121 113140914 98719419 115768809 104168383 116780815 113874464 122448501 107177971 112925848 105612472 150875857 100946230 105958093 101088026 106131441 110134902 105619551 100272044 107540941 106006692 113875952 
133176593 115216856 108261907 111654491 102076682 100266296 108917752 109841595 110941815 113319739 104860382 114544781 98950030 118530788 104257045 116781269 114519094 122517757 107687354 113886788 106097514 152176109 101379125 105960304 101393822 108442616 110355996 106656751 101429228 107983926 106299072 114520149 
136293147 115613139 108730833 112329024 102515456 100573265 111943365 109977240 112468867 114198883 105916086 115287056 99338398 118986371 104889190 118673558 114719601 124487108 108619934 115582847 106711774 153671757 102638823 107928216 102006721 109010082 110865322 107982749 103482053 114729018 107296831 115218468 
136853104 116213008 109016862 113061152 103394419 101038367 111996824 110655687 113528678 114926385 106555018 115344823 101669971 119469329 105411357 120779091 115264445 125401495 108627552 115624128 110641480 153715530 104129479 108234967 102228480 109990376 111560117 109956326 103961307 114802215 107807129 115410865 
136965544 117617774 111193325 114821253 103506099 101829944 112259519 110669772 113643985 115029057 107462491 115425188 102136901 119800240 105525480 121153062 117546812 125732480 109042220 115740757 111346137 154303885 104493080 110395185 102943868 110128360 113002005 110366129 104348374 116830444 111486835 115764371 
138564102 118769456 111362907 115435384 103858554 104795036 112384018 110847774 115620703 115452429 109913785 115956419 107177050 120111500 105640125 122095166 119625586 127058224 110935991 116750043 114556371 155004767 104906352 110479435 104501906 110390927 114240450 110520348 105865362 118056285 112077892 118415101 
140307840 118987346 112123669 116709099 103875785 105361712 112466375 110906421 115829694 115929274 111355065 116671981 108228597 121451109 107781407 122238994 120156615 129340469 111787276 118148211 116363532 155598182 105565765 111653686 104520407 112806225 114319425 110892700 105920587 119014032 112326447 120548702 
143170911 120437760 112211900 117053538 104716426 108799985 114182740 110928876 117208160 116061419 111588178 117845113 108485257 122079359 107843591 123646065 121905145 129758591 113257889 120143209 118138057 156274369 105986404 112085775 105464542 113147222 115386534 113412191 108037432 119370941 112381364 121694333 
146193069 120920769 112270056 117107962 107541855 110004277 117215029 113962617 119110598 117789125 112317588 117890655 108897293 124281534 108047490 124618229 122448369 131312730 113333125 121181472 118733219 157461465 106615972 113472484 107268467 113492895 115680977 114161358 108493679 121531391 113139209 122016136 
147412500 121775420 113320126 119247766 107842330 110539197 121297590 114379052 120375638 117988891 114198477 120238539 111129817 125060576 108207680 130739270 125887734 132533769 117388308 121225303 121945234 158790408 106925375 115835488 107398208 114196322 116974752 115356756 109765065 121765780 113993178 122399153 
147818532 124492425 114361556 126905842 108146529 110557836 122147152 115136617 121789098 119216097 115060066 120697502 111319550 125255457 112413122 131649673 126099563 138255722 119425045 124478943 122513695 158871241 107719194 116047580 107551835 115354356 118597874 117548439 110839523 122077143 115362096 124475016 
149927645 125307126 114865235 132542765 108431238 111622093 123120281 117321092 125092614 119970294 116095466 122634440 111920385 126577480 112476759 132121254 128036315 138722261 120400649 125175135 123582863 159228399 109609982 116180850 110217519 115736315 123770837 119412287 115126313 125534295 116720311 124571545 
155371722 126605906 115695862 132652706 110757337 114866317 123167367 118397541 131483273 121173356 119195171 124469481 112145054 126617615 113995785 138891036 128760557 139776748 121857344 125953324 126179893 161646534 113519441 117077197 110349593 121048339 132886376 122195292 116664286 126055544 119604749 125770436 
159274284 127790643 117196801 133812443 111887123 115866858 126087860 118942967 134548919 122381230 122673755 124771756 112796469 128633189 114741633 153384744 128954422 140091025 122725338 132903667 126453931 162072977 115146796 117305238 112323581 121223064 133548912 123050013 116840494 126103713 119870692 126528789 
161511003 133746010 119025412 139640721 112108395 116674021 127388418 119648824 138254770 123967805 123677856 126436772 113386231 129028075 122180172 159389077 129251269 140808910 125243980 141642776 126517947 163366960 116585419 120334102 114511897 123913714 140730342 124233266 117726635 130855755 120892109 126589249 
161561985 137973714 119310436 149963523 114061817 124948672 129610288 120111762 141556070 125399630 126603287 126819260 114173692 129752717 123955063 162099059 130223020 142272932 125586117 142022986 127933060 166022666 117862213 120391536 117505706 124323809 143387958 125193213 118057856 131846888 122468742 127496731 
161896693 143486931 121334166 150737605 120226863 125817122 130099796 120262368 150272078 125455989 130058095 128672859 114313974 131761807 124942098 165163514 131898512 142793190 128018722 142210858 128477464 168217705 124889893 123074072 120167179 124400110 146748911 126681138 120081484 131917778 124589367 127980823 
164052328 148283573 122375232 150956427 123728991 134635338 131842821 121101119 151008813 126772077 131092863 135064325 114469102 132061182 129165678 168466758 143830546 143738985 131317845 146009968 130100120 168579105 127238417 123394812 120360783 127626819 146978406 126940411 122806933 132011900 125429020 130904383 
164375135 150888903 125313982 151997391 124331591 137484902 137167806 123354040 152042121 127393006 138284160 136579671 114707261 132757200 130145863 169531175 147643632 143934819 133560703 146587920 130784832 169980694 127509585 126007775 121066579 129090596 148811743 127448405 124584493 132749519 146316901 132841369 
166740039 153797075 128273419 154074577 127749736 141512287 137571066 123498783 152105284 127423190 143936229 137565922 115130531 133535158 135150810 175534217 157985502 147236022 134039891 149132174 130894308 170092774 128257691 127932392 140666727 135919773 149874268 131804729 139556840 137359686 149371621 136654669 
168560350 156453408 132059639 155649976 130598283 143980913 142208483 123560364 154202543 128793731 147618050 138407522 117675985 136032611 136737003 176403532 167761186 148633658 134822120 150300769 137475984 176894463 135272346 170708585 142818716 136226024 154356315 132391625 142891976 138032604 149508585 137382946 
174670822 164581984 136836539 170364335 140362644 147104093 142341153 124373720 154777568 132817807 152870369 138469673 119840354 137533870 137029349 183693438 168300930 157383902 137333838 155514892 137953383 180060854 135295599 176033188 148929446 137465882 170705526 139217011 153204754 138730102 151711310 139685060 
192349002 168294757 137522581 175790696 141176212 155730463 149298112 126657106 172208554 132834493 164430618 140598519 121282112 140896516 139759196 188294480 169695830 161137799 139476567 156013278 140827960 183756229 143611941 214892960 149510189 148839621 177275305 141990024 156310350 139656992 167787922 146791194 
193412643 181500893 139006365 220769656 149094146 156011517 153332987 127675245 181089929 133336387 165212504 141050697 124575301 142640446 142569636 190306974 178097440 161406409 147261895 180591267 152405898 186688010 146754554 227352861 151485085 155126097 178765734 144837772 169175338 142893763 168047199 147136468 
199356119 182246859 141290185 225339446 150127890 156494995 171501604 138421436 182369076 138492295 198987946 153773386 125006326 143717945 145365153 192171479 182027801 181377108 151785121 186055371 168551159 195084060 148595277 250681925 156834907 164544874 188467786 145303625 172707540 149609130 168463153 148337176 
202851970 196744324 144283190 235402148 159820909 159176816 199000560 145356374 191098035 143699618 208619345 156421801 140650413 143935172 150092601 195959953 186342201 186139774 163789850 188869073 186388485 196792295 160234858 258417159 159174900 166611640 197867196 173499017 179376433 152391838 180310685 165601775 
204132031 197810398 150003407 288143844 160246103 168009480 207690382 170362484 195848747 146950540 225788989 161116885 145825426 145899264 186750504 245216938 187581000 187269324 164579011 196954723 236614096 201434531 181348087 267764290 198629024 181448859 203894411 187301171 184025503 156849341 181904033 203000947 
225675405 201230256 158051660 302770905 165866605 175374418 211582441 172082500 221749053 150411568 303079004 170813503 146355833 158337419 211691699 257947053 191459374 235725530 195853740 207428812 307964345 210818297 182607005 279127412 211679284 190876493 222404296 192064006 195968268 172596061 227429587 310263458 
258871450 215395109 165168712 311290649 191281739 190631469 217702648 185053937 225375149 164510558 319574876 208332610 154203666 162522912 221198972 262783142 196346831 252614256 228409414 241381242 348608044 212944639 220904334 291692942 214936624 217370161 228198275 212710462 208780171 224495762 232609583 372970539 
303978437 250596923 198942311 335231084 206475892 200756999 220101102 201719903 251665252 222000811 486345574 212332766 154304442 181029377 253868167 274419805 198974394 256383893 284093724 246370854 486639305 235508929 229045719 403968034 217855079 241446653 281505484 236459223 236795585 241799948 257140378 472057171 
337760652 399189853 217148975 398147558 233799566 221256384 397008063 233356713 310405770 249322066 576976146 247829812 163752488 202259360 266372603 289113368 209228538 261804229 585758964 399526152 742705713 344817998 294893259 440145392 242153640 249857664 331240715 288727229 272080410 254184467 258724733 489906608 
