0 0 0 0 0 0 0 0 0 0 0 0 0 0 0 0 0 0 0 0 0 0 0 0 0 0 0 0 0 0 0 0 0 0 0 0 0 0 0 0 0 0 0 0 0 0 0 0 0 0 
9.029 20.787 33.591 16.546 28.634 17.456 41.47 24.314 59.536 50.251 17.263 10.523 8.939 37.964 41.903 10.634 90.784 15.602 53.041 26.329 26.581 48.136 83.391 18.01 62.19 54.008 31.233 25.712 69.175 39.801 51.249 10.232 137.495 24.63 11.757 65.775 23.731 0.124 0.036 15.969 9.018 41.652 52.094 45.026 61.28 46.418 21.173 81.051 34.994 19.957 
9.39 21.179 33.592 17.454 29.073 17.473 41.798 24.371 59.644 51.062 17.689 11.0 8.981 38.92 42.027 10.731 91.142 16.004 56.745 26.669 27.176 48.138 83.689 18.538 62.847 54.253 31.361 26.077 69.863 40.389 51.907 10.641 137.802 24.704 12.153 65.919 24.169 36.208 0.036 16.234 9.377 41.966 52.098 45.982 61.397 48.197 21.546 81.371 35.203 20.213 
9.619 21.343 33.719 17.779 29.397 17.898 42.443 24.618 60.448 51.197 17.834 11.323 9.301 39.144 42.539 10.925 91.557 16.326 57.886 27.021 27.582 48.156 83.838 18.976 65.053 54.425 31.53 26.498 70.103 40.697 52.099 11.094 138.218 25.521 12.287 66.118 24.456 36.886 0.039 16.539 9.776 42.295 52.113 46.41 61.519 48.287 21.835 81.61 35.514 20.724 
10.056 21.699 35.933 17.886 29.696 18.285 42.443 24.906 60.756 51.239 18.068 11.494 9.709 39.399 42.632 11.124 91.832 16.607 58.486 27.152 27.723 49.022 84.583 19.342 65.197 54.472 31.919 26.79 70.319 41.017 52.154 11.178 138.532 25.906 12.293 66.118 24.796 37.378 0.041 16.879 10.094 42.588 52.113 47.139 61.786 48.494 22.263 81.884 35.902 20.965 
10.256 21.843 36.165 17.916 29.704 18.664 42.744 25.093 61.004 51.499 18.459 11.767 10.226 39.993 42.667 11.231 92.203 16.891 59.86 27.39 28.203 49.284 84.65 19.595 65.325 54.618 32.215 27.167 70.595 41.47 53.815 11.28 138.822 26.215 12.293 66.118 25.746 37.733 0.045 17.175 10.13 42.702 53.865 48.051 62.11 48.822 22.555 82.17 36.071 21.337 
10.586 22.024 36.756 18.385 29.785 18.808 43.018 25.459 61.222 51.686 18.477 11.988 10.583 40.509 42.799 11.25 92.311 17.224 60.356 27.683 28.382 49.438 84.863 19.841 65.462 54.658 32.416 27.449 70.783 41.716 54.838 11.302 139.073 26.344 12.641 66.18 25.929 37.78 0.047 17.458 10.4 42.87 54.238 48.349 62.399 49.218 22.789 82.446 36.383 21.388 
11.125 22.258 37.164 19.081 30.262 19.372 43.369 25.925 61.722 51.744 19.213 12.196 11.055 41.111 42.889 11.262 92.777 17.778 60.616 28.198 28.995 49.843 85.688 20.215 65.619 55.126 32.903 27.636 71.064 42.25 55.285 11.672 139.663 26.981 13.112 66.597 26.099 38.714 0.055 17.982 10.916 43.48 54.287 48.92 62.922 49.728 23.335 82.89 36.781 21.861 
11.413 22.968 37.43 19.304 30.804 19.603 43.577 25.951 62.0 51.77 19.214 12.2 11.081 41.314 43.028 11.44 93.096 18.117 60.746 28.509 29.0 50.281 85.696 20.612 66.013 55.23 33.209 28.057 71.352 42.277 55.516 11.781 139.778 27.308 13.728 66.807 26.377 38.844 0.064 18.338 11.15 43.761 54.855 50.638 63.115 49.88 23.505 83.191 37.044 22.11 
11.64 23.247 37.839 19.534 31.062 19.858 43.83 26.425 62.256 51.962 19.579 12.356 11.231 41.317 43.21 11.825 93.417 18.454 60.874 28.731 29.353 50.541 85.708 20.884 66.141 55.533 33.429 28.513 71.539 42.53 55.518 11.799 140.05 27.72 14.004 66.874 26.678 38.973 0.256 18.553 11.371 44.074 54.955 51.062 63.339 50.223 23.899 83.42 37.208 22.269 
11.693 23.534 38.145 19.774 31.305 20.147 44.079 26.524 62.531 52.499 19.904 13.88 11.301 41.317 43.482 12.206 93.61 18.697 60.925 28.772 29.618 50.573 85.9 21.182 66.283 55.667 33.715 28.651 71.645 42.805 55.52 11.802 140.236 28.025 14.026 67.007 27.412 39.049 0.866 18.814 11.589 44.085 55.419 51.346 63.48 50.431 23.942 83.466 37.5 22.375 
11.741 23.777 38.189 19.806 31.535 20.422 44.409 26.82 62.761 52.555 19.969 14.278 11.333 41.396 43.698 12.607 93.945 18.871 61.017 29.059 29.917 50.875 86.019 21.291 66.438 55.759 33.892 28.722 71.918 43.0 56.151 11.917 140.599 28.027 14.155 67.173 27.547 39.358 1.721 18.856 11.882 44.094 55.637 51.449 63.733 50.442 23.995 83.756 37.799 22.875 
11.851 23.957 38.567 20.106 31.711 20.457 44.543 27.013 62.794 53.218 20.021 16.935 11.374 41.808 43.937 12.799 94.045 18.961 61.142 29.277 30.147 51.109 86.761 21.428 66.795 55.796 34.157 28.965 72.111 43.271 57.525 12.036 140.771 28.035 14.158 67.476 28.06 39.894 1.81 18.9 12.126 44.449 55.784 51.645 64.033 50.748 24.255 83.965 37.805 22.952 
11.981 24.134 38.758 20.387 31.871 20.696 44.791 27.252 62.994 53.354 20.392 17.434 11.502 42.023 44.073 13.012 94.334 19.123 61.145 29.55 30.386 51.289 86.93 21.72 66.859 55.888 34.349 29.256 72.119 43.461 58.167 12.459 141.02 28.393 14.463 67.536 28.29 39.895 1.923 19.106 12.261 44.661 55.818 52.341 64.171 51.021 24.439 84.201 38.075 23.218 
12.004 24.348 38.988 20.668 32.068 20.897 44.927 27.381 63.275 53.607 20.586 18.116 11.67 42.463 44.208 13.459 94.412 19.33 62.337 29.674 30.556 51.453 87.121 21.906 67.495 56.147 35.651 29.542 72.398 43.657 58.591 12.944 141.191 28.685 14.94 68.479 29.351 40.098 2.371 19.163 12.432 44.87 55.981 53.08 64.298 51.195 24.783 84.368 38.563 23.428 
