170504 1095 1459 132392 991 1095 1771 47373 1095 991 1979 28112 1095 991 186773 1095 1095 1979 21525 1095 1667 60730 1095 1095 312662 1095 1095 2031 23407 1095 1927 42086 1095 1823 49339 1095 1095 44512 991 1979 51550 991 991 1667 48214 991 1927 46128 991 1875 
61292731 1095 1615 141940 1043 1095 2031 53466 1095 1095 2291 30556 1095 1043 56740920 1095 1095 2031 37397 1095 1719 64078 1095 1095 51591037 1095 1095 2083 32951 1095 2291 42513 1095 1875 70976 1095 1095 3006546 991 1979 64584 1095 991 1927 50195 1095 1979 49989 1095 1927 
62775649 1095 1771 159310 1095 1095 2418 60465 1095 1095 4657 37369 1095 1095 60181879 1095 1095 2499 37534 1095 1927 65389 1095 1095 60193788 1095 1095 2239 34303 1095 2655 44952 1095 2031 74020 1095 1095 51334639 991 1979 65682 1095 1095 2187 58984 1095 2395 50785 1095 1927 
63386107 1095 1771 62116693 1095 1095 2683 67359 1095 1095 11244 45019 1095 1095 87460771 1095 1095 4986 41311 1095 2187 82446 1095 1095 62918219 1095 1095 3261 39372 1095 4290 50762 1095 2291 82518 1095 1095 64249003 1095 2031 66342 1095 1095 2239 63031 1095 2551 54325 1095 1979 
63806064 1095 1823 64916029 1095 1095 2839 71576 1095 1095 97125 49440 1095 1095 89829075 1095 1095 109808 43763 1095 3656 98525 1095 1095 63768701 1095 1095 127798 46368 1095 35304 51930 1095 2434 87414 1095 1095 64334361 1095 2187 86324 1095 1095 6734 66551 1095 3491 54664 1095 2031 
66393352 1095 1823 67142594 1095 1095 5938 80994 1095 1095 114726 49734 1095 1095 96732883 1095 1095 110717 52370 1095 6451 107787 1095 1095 63777217 1095 1095 133404 57176 1095 119226 54544 1095 2499 102917 1095 1095 64507970 1095 7661 86593 1095 1095 107657 68855 1095 95333 59722 1095 2083 
70628934 1095 1823 67714359 1095 1095 100181 84209 1095 1095 71987686 52169 1095 1095 97390621 1095 1095 62246821 56751 1095 11763 196149 1095 1095 66393188 1095 1095 62518871 66088 1095 148128 62714 1095 18495 160848 1095 1095 64643748 1095 10980 155537 1095 1095 111479 73144 1095 106027 66381 1095 2145 
70880370 1095 1823 68669003 1095 1095 106413 166729 1095 1095 71994419 63752 1095 1095 97474051 1095 1095 63759223 67592 1095 92274 68937304 1095 1095 67394887 1095 1095 63033604 70209 1095 66933398 81722 1095 96449 68041072 1095 1095 68773719 1095 89760 63667764 1095 1095 64095165 88166 1095 62178712 70861 1095 2187 
70921729 1095 1927 72216345 1095 1095 66995847 63201917 1095 1095 72007593 76639 1095 1095 110896457 1095 1095 68668315 68710 1095 102066 72093312 1095 1095 72661048 1095 1095 72550503 82239 1095 67860146 182054 1095 98294 69253824 1095 1095 71054243 1095 92519 64445758 1095 1095 69563248 171189 1095 63595440 237672 1095 3864 
71242136 1095 2381 72892205 1095 1095 67470631 66748097 1095 1095 73167585 184687 1095 1095 113822454 1095 1095 71652568 181418 1095 59854363 74017016 1095 1095 83573390 1095 1095 73578918 267254 1095 72211827 58821373 1095 66731558 71801936 1095 1095 73562165 1095 58497347 67467313 1095 1095 69719388 64514658 1095 63742737 59429381 1095 92492 
72102481 1095 20318 73603075 1095 1095 68171245 70925688 1095 1147 74838002 65000749 1095 1095 120678275 1095 1095 72162016 64887970 1095 66989907 76253378 1095 1095 89336327 1095 1095 76298959 65366124 1095 73503839 59446344 1095 67847084 72026297 1095 1095 73605948 1095 67780636 73954258 1095 1095 70972943 69599752 1095 67170452 65739290 1095 98579 
74390878 1095 94416 74581904 1095 1095 69785013 71986431 1095 1147 78081234 69344083 1095 1095 139120849 1095 1095 72499314 66865273 1095 68602345 78598724 1095 1095 89630861 1095 1095 79787108 67822225 1095 76729311 62032102 1095 68110967 79935182 1095 1095 74555483 1147 67800494 74148638 1095 1095 71291799 72288314 1095 69425524 74813348 1095 72656781 
78692232 1095 94589 76235717 1147 1095 74682714 77264528 1095 1147 80556683 70189424 1095 1095 144632283 1095 1095 78467852 68693896 1095 69062846 83577468 1095 1095 97235361 1095 1095 82127102 68577192 1095 77979700 66376751 1095 71608041 79936376 1095 1095 76681441 1147 69982042 74471229 1095 1095 74825461 73721838 1095 70597345 80421052 1095 76231962 
83725568 94295 92868175 76894843 83112 80790 77923285 77554500 82022 88656 89199419 80662634 86898 84895 146032529 115389 167986 87542941 68840197 92311 74156403 84735389 164284 91320 99041430 82656 91048 83192729 71433903 86416 94496209 70813054 177512 72788209 87228975 93441 91796 79214387 77188 74213577 76187983 80860 81120 74990348 102778962 93832 76108745 80441815 92192 78215058 
101021176 96430 137760663 77983344 85225 83614 99763051 77573799 84554 93050 91287104 115917300 90158 85952 162368387 119379 170476 93398651 84121844 95680 80703482 106277167 165236 92056 116472293 88311 91303 85153693 75997341 93235 95234374 72432281 178511 80816973 98698275 96758 94379 80786310 77783 75837988 83579510 81680 84527 75585221 118659457 96091 78800556 96869798 95782 99137891 
