112211 820 1132 109522 820 820 1288 163793 820 820 1652 113586 820 820 19805157 820 820 1496 35006 820 1236 128509 820 820 2429405 820 820 1704 29635 820 1652 100587 820 1444 123439 820 820 113443 820 1340 102254 820 820 1184 198456 820 1600 119009 820 1288 
117713 820 1132 126737 872 820 1444 196264 820 820 1964 126685 820 872 31025526 820 872 1652 106142 820 1288 234336 820 820 4315068 820 820 1756 107217 820 1756 207166 820 1496 193494 820 820 144266 820 1392 103328 820 820 1444 273832 820 1652 264551 820 1288 
129436 820 1236 128341 872 820 1768 6770785 820 872 93597 205691 820 872 43838402 820 872 1808 126765 872 1288 382726 820 820 8190338 820 872 1912 120812 820 2276 4308903 820 1652 4220373 820 820 1710095 820 1496 108833 820 820 1600 2271560 820 1756 8795760 820 1392 
10452729 872 1236 178174 872 820 1768 17179396 872 872 106995 10442404 820 872 45898492 872 872 4320 203123 872 1496 7392008 820 820 42311438 820 872 1983 289588 872 142756 13991313 872 1652 14930727 820 872 16936650 820 1652 186667 872 872 1652 5407801 872 1756 14725583 872 1444 
15980384 872 1288 2046898 872 872 1912 19380251 872 872 110360 12639758 872 872 51239453 872 872 87280 3991431 872 2407 10087896 872 872 43335725 820 872 93678 447891 872 4306259 16933525 872 1704 15363160 872 872 23095442 820 1652 8603413 872 872 106303 8554817 872 2954 18791396 872 1496 
23971901 872 1444 17206969 872 872 5932 23542533 872 872 113115 12708170 872 872 60199519 872 872 107609 9721785 872 4869 27471837 872 872 44047861 872 872 115365 16927543 872 5232437 18074321 872 2201 21977004 872 872 25686980 872 88245 14839229 872 872 113469 17096147 872 87185 23569711 872 1600 
40901445 872 1444 23076131 872 872 96791 23909054 872 872 137136 13206192 872 872 80526069 872 872 109974 17139377 872 97757 34453585 872 872 55455637 872 872 125802 18774626 872 10404016 23815130 872 99399 31086061 872 872 36811186 872 93844 33644306 872 872 114395 19490442 872 98322 28132552 872 1652 
41799954 872 1496 35700764 872 872 104892 33303394 872 872 2335546 19671994 872 872 85229134 872 872 120733 19601895 872 97914 41971627 872 872 67605919 872 872 143099 19608362 872 12596309 23819108 872 99761 40604253 872 872 38318047 872 96102 45233936 872 872 124008 22721817 872 100415 35555146 872 1756 
42449961 872 1548 37950667 872 872 106530 35781048 872 872 4314617 37840103 872 872 95135236 872 872 123789 22963791 872 107309 48255047 872 872 83402388 872 872 10042166 21311724 872 18031541 24675193 872 103028 56294539 872 872 45942825 872 104949 56971401 872 872 4203789 34644193 872 117986 36425525 872 3041 
51194691 872 1548 48771240 872 872 110215 38367856 872 872 17083525 38338692 872 872 103652370 872 872 8511929 23890887 872 110805 53568362 872 872 85012916 872 872 12727720 22960918 872 23911397 31386148 872 104302 57567186 872 872 49803584 872 106234 57083136 872 872 8526423 39471156 872 119054 37850170 872 95677 
80240530 872 96430 91829767 872 872 110493 49548594 872 872 32080405 44488077 872 872 107605530 872 872 19738479 33404174 872 6540272 60272591 872 872 87337831 872 872 12744704 23825753 872 27255235 35172266 872 107588 61631033 872 872 51718216 872 110162 58499876 872 872 23466314 47455209 872 10429636 44819506 872 102041 
81567095 872 99276 109727151 872 872 115837 56094687 872 872 35597849 50352004 872 872 113478886 872 872 24970164 39809560 872 8511180 80013770 872 872 114182124 872 872 13648346 44075715 872 27570014 37744130 872 4312252 68696330 872 872 59141310 872 12600548 70924128 872 872 29501709 57960139 872 19816482 46774643 872 114342 
88289509 872 134681 140773540 924 872 4864743 57705020 872 872 36508743 52383615 872 924 121435205 872 872 33794306 41800135 872 15475955 84848302 872 872 114184654 872 872 23052958 54685721 872 40720358 39189793 872 18837012 70557462 924 872 80715953 872 16910595 72342013 872 872 31437459 59642924 872 25348208 50105623 872 176662 
91285861 94191 11192646 144218078 84747 81289 28111827 59352156 83032 89312 59438062 53748684 87623 84895 197550633 116131 169755 34273323 57435177 92467 16904133 94815856 164848 93156 162108554 84016 92475 25978466 59257168 88880 40766039 48655777 177850 20909360 75734343 93529 91984 100166672 78256 18355581 78109335 82472 81765 35478838 87662788 95244 29512322 53159714 93158 4910674 
123153010 99314 12734136 180491569 86198 84886 51725511 84597821 85913 95724 63217655 55469423 92077 88644 366905414 121401 172669 56692352 83790992 97382 54353429 101270169 168193 93735 170381061 90689 92588 67492220 67498390 94416 81884023 72466217 181021 21004277 108568813 98574 96117 155156881 78900 44556531 81749746 82609 86558 38400844 99400344 97495 32463227 59323364 98483 19822334 
