0 0 0 0 0 0 0 0 0 0 0 0 0 0 0 0 0 0 0 0 
16.752 9.79 51.867 8.764 9.779 9.109 27.485 15.314 35.223 49.707 23.355 28.063 47.425 18.473 68.126 29.29 13.878 53.193 50.891 32.909 
20.166 10.515 94.139 8.828 10.167 9.615 27.649 17.746 35.245 49.93 23.773 28.52 47.688 18.927 68.126 29.72 14.172 53.205 51.137 33.309 
24.598 10.768 94.149 9.788 11.307 10.57 27.967 17.976 36.308 50.014 23.929 28.941 48.594 19.049 68.127 30.106 14.828 53.208 51.43 33.591 
28.15 11.075 94.15 9.986 11.35 10.589 29.094 18.207 37.123 50.328 23.981 29.119 48.699 19.13 68.128 31.475 14.895 53.214 51.513 33.618 
29.561 11.359 96.679 10.079 11.666 10.637 29.266 18.361 37.521 50.631 24.329 29.483 48.879 19.42 68.128 31.722 15.11 53.215 51.693 34.34 
29.754 11.534 96.972 10.372 11.887 10.94 29.725 18.525 37.709 50.706 24.437 29.606 49.526 19.867 68.128 31.85 15.427 53.217 52.251 34.535 
29.812 11.559 97.217 10.429 12.299 11.159 32.011 18.773 38.403 51.249 24.75 30.113 49.647 20.39 71.07 31.999 15.909 53.287 52.282 34.796 
29.835 11.781 97.426 10.744 12.562 11.509 32.036 19.188 38.688 51.255 25.086 30.4 50.256 20.456 71.694 31.999 16.236 55.983 52.285 35.155 
30.054 12.319 97.586 11.118 12.942 11.995 32.402 19.519 39.252 51.416 25.254 30.694 50.696 20.591 71.864 32.002 16.403 56.387 52.295 35.322 
30.055 12.49 105.968 11.208 13.018 12.012 32.906 19.653 39.285 51.601 25.256 30.862 50.747 20.823 72.058 32.287 16.759 56.58 52.571 35.623 
30.329 12.651 105.973 11.429 13.191 12.289 32.988 20.491 39.766 51.939 25.325 31.094 50.754 21.022 72.289 32.805 16.842 56.733 52.657 35.661 
30.737 12.827 105.975 11.689 13.233 12.32 33.207 21.744 39.969 52.08 25.447 31.328 50.83 21.354 72.519 34.307 16.843 56.983 52.864 35.827 
30.865 12.989 108.002 11.883 13.371 12.5 33.369 22.722 40.559 52.205 25.498 31.491 51.208 21.483 72.681 34.487 17.172 57.201 53.117 36.008 
31.433 13.191 108.292 12.014 13.377 12.738 33.608 23.034 41.62 52.466 25.939 31.705 51.436 21.805 72.854 34.512 17.347 57.349 53.163 36.267 
