113383 872 20528 91189 1288 103345 820 872 820 820 109743 820 820 820 872 107507 6483 820 820 820 
113516 872 27295 118118 1288 116725 820 872 820 820 112553 820 820 820 872 169683 7078 820 820 820 
151687 872 27800 164970 1340 117723 820 872 820 820 115344 820 820 820 872 3713344 7125 820 872 820 
12758924 872 127618 430006 1340 176335 820 872 872 872 115655 820 872 820 872 4314704 7507 872 872 872 
23494805 872 131475 11161843 1340 8521487 872 872 872 872 14735083 820 872 872 872 6245641 8952 872 872 872 
29616198 872 162864 14654575 1496 17140510 872 872 872 872 32160123 872 872 872 872 17649869 11458 872 872 872 
32359825 872 163553 25868328 1548 28401699 872 872 872 872 44570404 872 872 872 872 27010613 17559 872 872 872 
33638048 872 978391 35506095 3503 40092316 872 872 872 872 48541774 872 872 872 872 29529598 18706 872 872 872 
41769585 872 2974410 55526194 88675 54806631 872 872 872 872 65439899 872 872 872 872 36741124 107966 872 872 872 
43071512 872 11753784 60873818 92186 56645266 872 872 872 872 68490226 872 872 872 872 39286680 141207 872 872 872 
47499996 872 12794361 79263361 96448 58667556 872 872 872 872 98406555 872 872 872 1732 51014601 154113 872 872 872 
65050550 872 16928902 100047878 101293 98595262 872 872 872 872 129958424 872 872 872 1732 55212472 10604440 872 872 872 
71163636 872 40795479 109602439 3602536 106597028 872 872 924 872 140779115 872 872 872 1732 85111168 13943225 872 872 872 
93279132 82022 43609910 114707470 10343824 109639555 82810 87630 87565 85473 185084291 86389 82911 79988 154601 100006037 18741675 95485 85312 89428 
145658778 84955 50602707 166556272 18846400 136111751 87483 87913 87994 87869 186764323 89378 86154 87197 157075 151910606 19593902 95676 85756 98567 
