169194 991 26662 59326 1771 74936 991 1095 991 991 178033 1095 1095 1095 1095 15444 5174 991 1095 991 
48023953 1095 26692 133110 1823 104444 1095 1095 1043 1043 63770657 1095 1095 1095 1095 140011 6565 1095 1095 1095 
54698343 1095 29622 51090252 1823 107640 1095 1095 1095 1095 66747541 1095 1095 1095 1095 51095652 7006 1095 1095 1095 
59466752 1095 29863 57663807 1927 125178 1095 1095 1095 1095 67725761 1095 1095 1095 1095 51455355 7016 1095 1095 1095 
60373916 1095 33377 63026431 1927 140818 1095 1095 1095 1095 67857895 1095 1095 1095 1095 60652088 7640 1095 1095 1095 
63712695 1095 3434480 65532922 2031 57343510 1095 1095 1095 1095 67961433 1095 1095 1095 1095 64129246 9375 1095 1095 1095 
67795672 1095 3500697 68185331 2031 63679255 1095 1095 1095 1095 69139974 1095 1095 1095 1095 64400833 10867 1095 1095 1095 
69008550 1095 60077180 70196440 4742 63911693 1095 1095 1095 1095 70612105 1095 1095 1095 1095 64655523 11214 1095 1095 1095 
70471184 1095 67520222 71173081 12800 65261198 1095 1095 1095 1095 72033664 1095 1095 1095 1147 65371926 17553 1095 1095 1095 
71056316 1095 67811839 71789686 86127 68137784 1095 1095 1095 1095 73482460 1095 1095 1095 1147 66128993 18369 1095 1095 1095 
72318388 1095 68750573 73951503 87520 72618859 1095 1095 1095 1095 78129731 1095 1095 1095 2190 66920256 22688 1095 1095 1095 
73984849 1095 72156571 75659746 63768790 75700183 1095 1095 1095 1095 83095873 1095 1095 1095 2190 68986222 22983 1095 1095 1095 
76256106 1095 74334559 76714765 71559799 80394323 1095 1095 1095 1095 83587021 1095 1095 1095 2190 75786704 138865 1095 1095 1095 
81953558 81747 74788609 78464234 72528939 83620027 83133 84606 86246 83937 88993656 85732 81989 80523 152274 81389591 155391 93947 83666 86072 
85277905 83528 75911279 80323077 72746671 84521149 85168 87627 87731 85270 92349891 88245 84244 83830 155021 86261657 62931123 95289 84981 95320 
