0 0 0 0 0 0 0 0 
146.46 133.118 175.837 159.382 121.056 377.324 161.856 179.832 
188.955 209.078 179.453 178.628 123.061 385.949 236.406 205.276 
189.665 209.484 241.714 191.912 206.758 422.219 241.87 205.659 
191.19 217.279 250.935 193.716 241.263 435.556 242.7 207.114 
191.752 218.289 266.269 231.525 271.89 441.312 243.768 247.735 
196.759 218.402 267.419 271.281 272.585 454.135 263.354 263.965 
211.941 219.777 273.229 280.624 298.662 454.749 265.198 266.289 
223.848 232.378 279.536 293.752 299.664 455.351 302.992 266.777 
226.523 233.162 280.047 294.072 300.731 466.703 311.884 270.478 
244.544 244.621 281.939 294.083 301.734 469.244 326.108 270.827 
247.899 254.934 309.694 295.291 304.389 470.685 326.15 277.863 
255.913 263.597 311.769 299.594 305.274 477.866 326.746 306.592 
257.388 271.577 326.816 299.795 314.656 484.718 328.002 307.07 
258.0 273.342 331.026 300.315 317.164 487.575 346.764 330.778 
263.439 284.869 340.388 302.715 375.734 488.569 349.089 332.656 
267.39 292.607 343.115 303.217 376.41 508.222 350.961 333.214 
293.304 298.348 343.898 303.261 376.787 524.259 353.893 333.546 
321.916 301.782 351.053 304.08 378.401 531.731 370.621 333.892 
341.975 316.974 351.795 318.76 388.592 542.501 373.555 334.809 
487.514 319.863 352.125 335.587 391.244 564.82 387.101 335.898 
490.999 319.871 352.125 349.482 392.137 566.392 387.235 338.84 
496.433 324.1 361.575 351.422 394.464 567.175 387.245 339.203 
505.978 324.105 363.447 362.782 394.777 567.289 387.471 339.667 
506.67 332.259 366.022 363.569 394.947 568.066 400.637 345.875 
512.715 337.344 375.579 389.696 399.546 568.495 402.726 350.662 
528.161 360.441 381.807 433.126 403.093 585.882 434.027 350.875 
528.599 360.526 388.232 434.456 403.487 587.018 435.35 352.26 
530.264 367.429 390.05 440.92 404.14 587.522 438.791 353.176 
530.864 388.453 394.678 441.063 419.388 588.804 443.397 361.638 
549.313 390.763 395.764 444.908 419.691 589.735 443.727 374.662 
550.648 391.605 397.0 452.319 419.9 590.957 444.306 375.624 
551.803 393.996 401.11 452.907 421.084 591.215 445.571 378.85 
554.129 397.253 402.741 455.486 423.961 592.873 445.668 392.298 
558.145 408.685 402.987 455.581 423.989 595.131 447.984 402.165 
568.035 411.908 411.593 455.992 424.47 599.817 451.169 403.476 
570.765 436.994 413.248 458.313 431.432 606.258 451.904 423.391 
573.374 449.391 425.888 459.805 432.867 606.658 457.158 437.556 
576.492 476.041 439.218 463.336 446.47 606.963 457.977 451.168 
638.647 481.802 440.508 465.796 453.885 607.452 460.739 459.662 
640.813 488.477 440.583 474.433 491.41 609.245 460.912 461.784 
641.404 498.417 441.621 484.211 503.078 609.679 463.915 463.257 
641.956 551.126 445.693 485.097 505.009 610.368 464.167 475.659 
645.18 557.876 447.911 506.857 556.472 612.982 465.773 478.438 
646.836 573.42 455.788 513.636 563.36 623.314 476.234 490.522 
663.552 591.165 517.687 516.141 570.912 623.412 479.068 506.298 
667.14 592.129 525.545 518.082 584.856 624.011 481.413 508.786 
669.329 592.144 529.62 550.351 586.481 624.083 508.941 524.433 
670.442 592.391 580.882 578.359 593.778 747.563 598.202 524.588 
673.898 593.947 598.87 579.667 605.334 750.644 612.72 532.606 
674.074 612.605 642.042 582.223 645.385 751.467 624.269 533.68 
684.984 612.688 648.731 583.512 661.413 753.207 629.161 550.642 
685.338 613.179 651.616 646.111 663.787 808.389 629.531 552.235 
687.171 613.228 664.557 652.109 667.099 827.676 630.14 557.275 
687.372 613.23 665.629 677.084 671.226 866.929 630.175 558.402 
690.662 613.596 696.466 678.538 674.793 867.331 630.791 558.821 
699.952 616.669 726.662 682.352 676.29 867.419 631.846 559.465 
719.999 640.713 728.018 704.045 677.058 867.621 631.971 568.811 
721.579 648.611 743.86 718.397 677.294 868.187 631.98 610.044 
747.077 653.802 744.893 737.961 703.474 868.634 632.464 611.883 
747.695 653.967 746.049 742.526 715.783 869.36 640.22 637.915 
749.536 654.077 752.591 743.609 716.262 876.99 640.683 661.699 
750.658 654.223 763.602 746.865 716.957 877.031 641.317 704.346 
754.597 654.299 765.233 749.839 717.897 878.785 641.454 713.889 
756.876 654.621 784.445 751.29 719.893 879.522 641.666 715.413 
756.876 654.662 794.431 757.387 720.362 900.986 641.9 715.628 
757.023 655.66 813.474 770.96 738.621 903.447 642.343 716.696 
757.509 655.839 856.533 805.411 740.953 909.312 642.7 720.292 
762.448 656.038 866.344 809.019 743.219 909.335 642.936 749.896 
924.444 656.341 872.251 810.231 748.831 909.401 643.247 750.906 
1064.691 656.452 872.536 813.915 752.479 909.626 667.292 756.842 
1076.284 656.713 872.698 815.161 757.228 909.823 677.122 757.158 
1079.734 656.909 872.741 824.382 757.97 909.83 692.325 758.613 
1080.337 657.879 872.834 826.846 759.009 909.868 693.837 759.398 
1087.575 658.29 873.034 829.215 759.338 910.02 695.103 759.659 
1087.972 658.312 873.23 833.921 759.687 910.137 695.992 766.453 
1088.117 658.48 874.663 850.302 765.682 910.244 699.402 766.695 
1088.512 658.643 905.222 857.022 765.951 910.301 700.973 774.706 
1088.697 659.272 926.096 867.142 770.165 910.342 703.186 792.327 
1091.714 659.296 928.657 871.015 776.881 911.056 703.922 793.406 
1099.754 659.894 940.65 873.993 777.933 911.228 707.398 802.248 
1117.928 660.659 962.302 882.352 786.737 911.504 726.983 811.129 
1132.756 660.701 1000.87 912.277 790.049 911.544 729.411 819.998 
1139.6 661.304 1000.885 917.545 793.702 911.81 730.095 822.647 
1162.382 669.036 1004.491 924.787 825.607 912.338 732.606 823.155 
1190.749 686.952 1019.682 933.916 827.4 912.521 820.8 826.034 
1195.873 687.464 1022.262 935.93 828.403 918.755 847.626 826.095 
1556.277 712.973 1024.143 958.925 1040.696 924.926 872.18 841.022 
1713.625 722.709 1048.715 967.628 1073.816 925.376 898.952 844.538 
1793.433 736.568 1050.773 988.814 1153.063 927.193 969.877 844.775 
3588.262 766.462 1062.196 994.865 4905.683 927.403 973.013 874.024 
3901.455 817.607 1064.746 1013.143 4990.636 928.215 983.175 875.426 
5070.385 853.226 1093.679 1096.126 4993.442 1129.351 1024.151 888.136 
5176.454 1513.789 1094.02 1311.676 5088.934 1683.724 1141.25 888.963 
5613.981 1550.022 1330.795 1566.146 5206.951 2227.313 1591.784 903.429 
5816.422 1653.047 1431.963 1568.737 5254.287 2235.709 1686.613 933.616 
5844.811 1654.65 1665.535 1568.74 5433.854 3268.786 1776.866 942.647 
5872.959 2227.557 1668.232 1623.241 5436.136 3376.625 1798.783 958.032 
5874.763 2291.963 1670.213 1623.736 5466.524 3511.833 1918.316 959.067 
5913.701 2654.405 1732.229 1634.224 5500.406 3782.42 1947.867 998.807 
