21623056 9622051 14229218 9697831 24444402 17307455 10821134 8273175 
31392741 11487669 21649513 12657356 34896168 18347936 11744624 9661336 
35696299 12763486 22667206 18024835 37910804 23023959 15928761 13852914 
38830198 14126713 24085969 19296486 47981954 29291997 25178225 21934797 
41551828 19253023 26537799 25709345 49416307 31422357 30522715 23083465 
42848645 30313160 27503849 30228057 51222648 32707852 30657047 24882219 
44574051 32570683 30551848 30517324 52574502 41552144 30845211 25125346 
47484464 32714729 32041144 35039175 55008785 44714141 31461897 26032913 
58015612 34613068 32323845 35465338 57857677 55169772 31536061 30326741 
58378126 37184310 35216113 36516792 67845325 55187456 34811610 32225057 
61637375 38228829 36584368 37918982 68525374 58044513 37657514 34226918 
67443719 42547874 37396459 39932179 69069586 60455950 38981467 34864308 
69765729 45440470 39290447 40846324 71197918 62409481 39533872 35487937 
71937897 47602111 40843064 40896508 71591510 62955069 43138378 35683724 
72136374 48644053 41310807 41042939 72069026 63829674 44763715 36967671 
72169862 48714225 46310380 42266171 73952353 64790058 46029608 38397802 
75408160 48802412 46625245 44687712 83095818 64835557 47939742 38616052 
76616378 51368845 46678612 45075405 83270667 66092893 48006892 39900844 
78578042 52578779 48758211 47935735 83326742 68991636 49841109 41248206 
80757121 53622594 50165002 48049293 84294742 70072064 49936533 44958470 
81067700 54048174 50265125 49167261 87018075 70250833 50046100 45728260 
81756971 55743484 50484136 52237061 89013333 70369756 50244509 49691674 
83102672 56227132 52448597 54467513 89529298 71118202 53216368 50204070 
83383649 57063553 52631552 54594715 90285984 71737204 54410181 51089659 
85886381 57472706 56681903 56078995 92454476 71954142 58744272 52649093 
89082259 58216364 57078370 57641109 98054691 73018791 58980320 52721573 
90580998 59106346 59451709 58687842 99194166 73022026 61914704 53071250 
91014434 60190289 61842074 59654641 99407308 78786998 62124355 53715972 
93888043 61265573 61886918 60094335 100422742 80053944 64267496 54079201 
94929764 62912945 63249195 60666454 104136130 81223805 64453022 54173482 
96575430 64494797 64092346 64812880 114353694 81501575 68128371 55369519 
97384873 65018357 65314733 65068656 117923656 81588790 68147281 56684426 
98483130 65794231 66344106 66161273 117983796 82923911 76138841 57933144 
99622780 70200782 67044719 66554625 122627860 84114031 76421467 59334032 
99887101 70780580 69557847 67910200 125203379 87827786 76580217 59553607 
99967751 71569358 75046394 68194280 125462449 89120731 76913458 59706696 
102748540 72162574 76067307 68814103 127010789 89425422 91497374 65810976 
103339948 74423429 76751116 69885267 133118204 89502807 92496093 68079163 
106956506 76207729 78954285 74444908 134885018 90064125 92584262 70137458 
107219050 76335446 79766598 76656801 136548844 92261063 93630225 71102912 
109524302 77244196 80813481 77443454 141125306 92927319 95606717 73715153 
110071500 77870151 83442205 80473694 142820469 94340754 96788282 74225145 
111238049 78558822 85194159 83459820 144127583 94619486 97175085 74693827 
111910035 80826478 86200623 84827444 146304702 95570750 97251610 75858290 
112070068 82924391 89880194 85164346 147432482 96250643 97709027 76164049 
114440465 85147363 91865083 85242075 149575528 98913314 97904373 77724578 
115839567 87966311 93231857 85713390 151380106 101659868 99097745 79126984 
120720623 91428727 94757717 87785214 152591250 102915603 100512299 82383271 
122378740 91816370 97830076 88069483 153415614 103653163 103203729 84220749 
130352878 93158176 98439796 88406411 155511469 105049766 106623114 84996943 
132721448 94136202 100102204 89015739 161453745 106435023 106756220 85668964 
133244304 97910743 100514468 90942865 166047324 107081886 108665930 86253267 
135229681 104863475 101109245 91645214 167010060 107614101 110717139 87786021 
136914623 106575768 101756252 92305081 170700999 109089533 113330405 88457640 
138385935 108581230 102646707 94356727 173478279 111383184 114262316 88592681 
141057219 109381663 104881487 95724785 175976266 117376554 114292694 91071056 
141489451 110884890 105638196 98332349 177738904 118217218 116010326 94253492 
144363201 111970466 107151822 100453191 177825274 119139044 118890479 95506817 
148685180 112728409 109174578 101250828 178886816 119282025 122118112 98914410 
151334438 114129196 110593697 103605192 178913168 123557698 124437762 99313447 
152678796 114712681 113043121 105389306 182702457 126801240 124950955 100057842 
156357552 118956591 114847672 106494615 184569787 127399919 126787736 102674278 
159155321 122168065 123390237 107737520 184810601 133328042 126884930 104807376 
159856238 124836114 126247284 109410636 184846183 135028827 127938978 104985017 
167411546 125439342 127823183 110450994 189827791 137185343 128493507 105072864 
167523656 127510882 127961535 113135689 190412528 138127033 128944903 105624635 
167996167 128365616 128450091 115806577 194572864 140228888 129660064 106632352 
169017814 131198116 128923014 116930567 194969958 141584872 132930573 110335557 
173682829 132347226 128966631 118283441 194991508 150732540 134364032 111799110 
185440158 133479689 130168582 118743722 197301114 153596455 134521331 116817264 
186188483 135376040 134530616 120053178 197325485 156439381 137346503 117824908 
186800369 138988068 136313439 120070049 198357187 161141985 138438064 119709563 
188504635 140805588 141270816 122343370 205158851 166296389 139625867 124226535 
191937439 142118633 142847805 123709223 213697211 169904417 147823617 124485086 
192918418 142393619 143504987 123804455 214092324 170624239 147850554 125878615 
196113108 142578586 144577730 136458258 214236482 171842358 152506216 126232792 
199373222 145133400 146919248 141346598 214567862 172672346 155163684 132746938 
203454756 148124969 155217752 143116637 215103231 174771275 156102309 133154517 
206027285 151966971 155548883 147697942 216946820 176314996 156549085 140866653 
209967894 152707304 162961697 154005746 217567909 177360586 157654962 143613855 
219915100 154713260 163724392 156176407 220023180 177940676 160556320 148017594 
223512113 155279536 168154153 159852716 222775558 178740430 161196153 156897180 
227070770 155767158 170475791 162982927 223691229 182267791 162527152 162161273 
244145114 156165125 172760637 172566578 225681861 184958363 163521096 165239186 
249439271 165519442 174630613 172641813 236098454 188988815 172769928 166555836 
249628708 165697040 175441402 175483974 249067359 195997075 175601968 168978319 
254673930 177823993 176333940 176546289 254541986 202332922 178451999 170605420 
273811809 178460603 184827613 177680119 257391444 212896763 189852064 177173379 
276451631 189847110 186216762 196635823 258825241 216016866 196429818 180211319 
279321922 191186892 193948545 196885869 262480318 219949396 199645688 183469766 
292395096 196309818 195303403 200698311 275185159 242598802 200365254 185075671 
300970064 202750041 204313902 215339475 280642383 243733073 216344901 195936329 
303517754 208338768 213760219 222024484 281833014 249440735 229522519 200397497 
334276398 217422221 218716767 226961212 287062070 276836370 243979909 222420959 
426181599 242562074 237479108 237261152 294906969 277798814 259927243 227498418 
469834022 267275925 253834976 258937945 306175446 289479015 284244179 229786119 
474794870 284567173 265216212 260947918 316500675 341128364 320444594 265111112 
521869855 322646325 293149461 302476210 415166227 353865210 323173247 277909256 
643533969 445515154 327055331 363447761 416570270 356625979 414574826 358125029 
836775770 740884983 802612364 682638716 711662582 425599458 714554861 802185067 
