48475571 31785380 37819788 31749624 49256387 31287885 31715989 33170642 
58480766 61642208 58879111 58598545 56990719 65377475 59954439 61880237 
61502161 61833822 59965929 58842736 61418048 66659557 65222821 63807039 
63501956 62653767 60874819 60389339 66909927 67333657 66723543 63911994 
65354357 63843438 61535590 63646787 70213786 69026766 68863288 64972563 
66032903 65620943 61678373 64175793 71330849 69766672 70164524 65952287 
68082719 68836382 65288386 64843196 72451222 71364215 71738699 67463491 
69205943 68897328 66432978 65074563 72463959 72329843 73851081 68227614 
71354116 68965712 66703483 67680559 73643281 78253201 74013417 68248369 
71699436 69662658 69440393 67959238 74010180 78501183 74317195 68266073 
74130404 69707541 70683568 68789187 74791404 78557712 74814630 69208711 
74405942 70985014 71328025 69338397 74830322 79294627 76825448 69742013 
75413452 71317977 71455741 69433218 75214191 79572336 77529001 69772094 
75925098 71846653 72163469 69911033 76201704 79665281 77773757 69847726 
76997212 72621587 74753813 70944461 78106393 80583493 77883837 70260794 
77294027 73933748 75830774 71035665 78137388 80767131 78084242 71628117 
78702349 74250799 76053054 71456786 78662321 81194372 79847242 72300386 
78808131 74571559 76170936 73756637 79658809 81459166 80503582 73236732 
79913937 74796172 76539383 74037962 80326318 81501061 80581798 74049251 
80320668 75127681 78002582 74307936 80379808 82007726 80772863 74059405 
80424818 75504182 81584293 75509856 81813093 82519839 82624849 74479200 
81958795 78962020 83674517 75803357 82452271 82522084 83052198 74565035 
82178595 79347097 84449170 79322404 84639504 82568720 84009515 74632451 
83258343 80240585 84912128 80110736 84809592 83869795 84168279 75963388 
83403082 81546681 85437865 80710972 85278509 84336781 84991099 77280032 
83858912 81822047 85644848 80977288 86077948 86792827 86231428 77925102 
84296859 82219161 85664385 81331987 89608238 87023964 86356249 78529269 
84515421 82404330 85825587 81385999 90484993 87077165 88399769 79626485 
84657217 82481197 89706642 82038958 90559788 87491629 88944232 79818524 
85364712 82656515 91348120 83501211 91494004 89121188 89139404 80200659 
87410788 83011806 91514584 85260522 92997607 89847210 89374681 80952413 
87711366 83110627 92589144 85592857 93734261 90412745 89874020 81028901 
87953592 83216667 92769848 85819187 94527782 90617181 90773809 84252675 
88477388 83319732 92953775 85943519 94813634 92091751 91092486 84844416 
88791498 83461139 93613563 85999682 95210040 92286190 91103316 86183488 
89966141 83865944 94603287 87373468 97829424 92845612 91770335 87106457 
90175931 84333725 95038309 87594015 97962386 93469453 91788818 87735831 
90379996 84798096 95103943 87993750 98487257 93500090 92791132 88017521 
91120452 84808906 95300082 88992778 98595280 93828803 93196949 90435069 
91399587 87713197 96278193 89667138 98637108 93949353 93377597 90796218 
94611692 87824475 97060725 89827542 99020806 94760346 94339163 91027622 
95118931 88183910 97981639 90202967 99333197 94882240 95406178 91040818 
96310457 89146110 99410552 90590771 99428765 95519264 95824149 91205881 
96322510 89590864 99854721 92397200 101159515 95782842 96865204 91289958 
99876505 89830902 100272719 92787547 101492507 96362399 97005697 91995633 
101389573 90004996 101174687 92816298 102986064 96681324 97414443 92096680 
102290496 90499932 102073435 93977602 103351694 96973815 99055854 92599335 
105799669 91448496 102789192 94246688 103569528 97077465 101736669 92742206 
105806506 91486403 105425480 94335229 104115721 97179911 101929748 93046673 
107728527 92064838 105469712 94851252 105125749 98626346 102108309 93129962 
108947860 93483746 106548186 95542508 105783911 100230869 102604752 93152375 
109037972 95366930 106749320 95605371 106341625 100336863 102928195 95156111 
109092805 95519038 107768577 95734095 107145241 100992267 102961220 95579324 
110487230 95680719 108024053 97880627 107428848 101273912 103214775 95791998 
111272654 96338029 108334431 98391273 107758762 101407974 103995080 96358113 
111372746 96599739 109504362 98718540 109291486 102556043 104040747 96389320 
113173665 97655295 109600766 103112349 109625114 102584683 104824036 97179232 
114351508 97681340 110322534 103406433 109781325 103266102 105659799 97179669 
115894555 98266800 110589313 104672298 110596588 103325021 105963255 97882613 
116721615 98298045 111457329 104911607 110873748 103698219 106046212 98068626 
116976104 98331319 111895167 105968332 114576446 105403646 107756022 102289775 
117180678 100809922 113349443 106197891 116519581 106329149 108690276 102798496 
118398492 101471802 114045003 106628227 116663251 106859516 109214383 103119501 
118423672 102836337 116732428 108090389 117345762 106959860 109394813 105634404 
119058813 103262234 116838956 108700350 117681335 107305966 109773881 105681192 
121032166 103487981 117488856 108826984 117734746 108831757 110694541 106426236 
121851776 103641740 118454710 109794564 119309110 109223280 111134357 107653369 
122095498 103907695 119682484 111725152 119471406 110177928 113494747 107998496 
122366949 104136055 119810303 112753740 120321151 111798233 114247453 108345153 
122470103 104261443 121446410 115647492 120341433 112294090 114347970 110606405 
122858028 105157071 123684033 115649881 120402748 112510497 114847863 110826819 
123241890 106333842 124113495 116072500 122516947 113056966 116406696 112338879 
125251757 106841405 124291000 116078098 125658714 114934808 117475132 112617830 
125635405 107062932 124312600 116273437 127780589 116529848 117515173 112731744 
125998973 108446506 125698946 118046581 128690942 117114260 117622647 112923493 
126761022 110202881 126898130 118350253 128947552 118866667 118272413 115526127 
127762886 110251668 128940820 119130708 129303037 120144827 120675729 117048250 
129962125 110280955 128980934 119804258 130578211 120294187 121864162 117182085 
131005815 114546243 131236493 122519187 131023176 121028969 121901309 117371123 
139854972 115854305 134380903 125002058 132082112 121471763 122045628 117920059 
143117178 117368821 134761313 126357020 132083649 122318580 128894006 123306875 
143238998 117727956 135730651 126840640 134564381 122943949 129815776 128883109 
143937321 117889053 135738232 126942283 145897316 123275094 134172540 129357749 
145510472 120107753 135974211 127021730 156735845 123973745 134523495 131459800 
152822789 126299975 136303368 128859176 159193768 127613880 135519580 131981661 
167665850 126643023 136920456 130239942 180656839 128564032 140991890 132142023 
173903117 128116942 140848256 133182637 182436802 130266370 141463492 132385544 
178233825 128478009 140889397 141103866 209026762 137628502 142398806 139395480 
227322092 138065049 141086441 143666209 223137943 144663204 147777988 139757622 
381852595 138835996 142698401 145285672 272015372 145759920 158351025 139892518 
413358361 146498081 145499022 146365825 431068560 147450783 167663196 141842994 
460209141 156665237 146578056 147615235 448338465 159130535 171114439 144151330 
523599931 189200001 150153665 163075424 510920023 195366505 183923784 144810889 
526786456 190499439 150788281 163644387 580277097 223521069 231554228 145965178 
565903821 228701550 158900565 172027093 609201979 343708582 232750243 158016037 
589958495 254659744 171426528 183450047 692294808 358406050 276069241 173095793 
621354529 297284429 173996666 188678872 699497107 436947751 283246831 173765534 
622905137 298942969 248381178 220590834 700351762 473253330 285858344 180245142 
735964485 380633852 287411267 261184539 740376074 545523814 353378176 206897995 
877127082 596096794 308679303 326598867 842030506 588218290 372044876 219973357 
