0 0 0 0 0 0 0 0 0 0 
13.411 41.785 18.334 10.531 12.649 11.451 18.424 31.23 11.98 15.804 
13.511 41.859 18.338 10.545 12.684 11.541 18.429 31.281 12.003 15.819 
13.55 41.948 18.365 10.555 12.718 11.547 18.478 31.341 12.079 15.919 
13.556 42.046 18.37 10.635 12.759 11.554 18.484 31.399 12.087 15.929 
13.595 42.05 18.376 10.64 12.782 11.597 18.588 31.421 12.101 15.976 
13.74 42.078 18.397 10.658 12.806 11.623 18.683 31.438 12.126 15.989 
13.744 42.105 18.418 10.662 12.813 11.693 18.688 31.45 12.141 15.996 
13.823 42.143 18.471 10.676 12.816 11.699 18.895 31.516 12.167 16.05 
14.381 42.205 18.485 10.753 12.837 11.727 18.937 31.517 12.17 16.059 
14.557 42.217 18.511 10.76 12.857 11.728 18.945 31.549 12.209 16.072 
14.562 42.252 18.538 10.788 12.874 11.783 19.0 31.579 12.218 16.116 
14.565 42.367 18.558 10.794 12.875 11.786 19.089 31.634 12.3 16.129 
14.673 42.37 18.589 10.8 12.934 11.793 19.137 31.634 12.307 16.144 
14.737 42.454 18.609 10.879 12.988 11.795 19.152 31.7 12.308 16.172 
