991 991 70259 46748 991 991 991 991 188959 55258018 
1043 991 75415 48724 991 991 991 991 280069 56159683 
1095 991 76599 64242 991 991 991 991 53038010 65954860 
1095 991 84150 64453 991 991 991 991 55340311 68724023 
1095 991 131877 68483 991 991 991 991 59632581 70434802 
1095 991 236110 75892 991 991 991 991 78275268 71141559 
1095 991 311327 79957 991 991 991 991 79130474 73474160 
1095 991 64164597 84673 991 991 991 991 82524836 74095026 
1095 991 67926697 155608 991 991 991 991 88099454 76369339 
1095 1095 69557854 66181835 991 991 991 991 90808573 76394250 
1095 1095 70302046 78260738 991 991 991 991 96134600 79847712 
1095 1095 71362543 80253500 991 1095 991 991 102792824 81257025 
1095 1095 74491687 82716770 991 1095 1095 991 115658742 105029753 
121171 140141 80953943 92756987 64097 82813 99760 61669 129879666 105327505 
124691 148134 88134578 98383530 68137 101547 168782 80007 132310755 106657432 
