820 768 120949 179436 768 768 768 768 334254 110872 
820 820 177405 5840471 768 768 768 768 17013352 2789360 
872 820 271685 6302908 768 820 768 820 20414752 4323233 
872 820 8624334 8524535 820 820 820 820 22044551 4919463 
872 820 11954476 14180655 820 820 820 820 30651112 4926570 
872 820 18737366 20492683 820 820 820 820 39247500 6781722 
872 820 18866793 24148040 820 820 820 820 42426562 8506717 
872 820 21957662 34217876 820 820 820 820 64179069 29763916 
872 820 55234882 36877158 820 820 820 820 66349624 35887458 
872 820 59060177 51450897 820 820 820 820 72416171 46468552 
872 872 61899602 51634934 820 820 820 820 117021149 47390108 
872 872 69660937 52702279 820 820 820 820 123753353 94943178 
924 872 76317718 54171475 820 872 872 820 123891629 134842447 
126117 140829 89411462 57521432 64877 83383 100944 61930 192252229 262980525 
128216 150269 95589040 80998955 73428 103836 170081 82209 232099487 481492234 
