49986918 36072079 35541650 30398304 32778100 37082798 31177341 32091189 37029050 64140528 
60879653 62381421 56756065 56429880 56034523 63473436 61123273 62430282 59057011 65481727 
66554547 62658489 63022137 58693734 58422154 65514116 63592473 63403836 59764371 67556391 
66867646 65820912 65270631 58983480 60903791 65558679 65027741 64764599 60046072 69259015 
67797721 66065144 68239073 60567881 64720117 68182121 67209082 65058987 63487869 69474440 
71197754 68677713 68373007 61092205 65200972 69821354 68103134 65544597 67609796 70036158 
72717295 68698364 69034192 61451316 66300842 70574285 68195730 65713150 68006956 70301758 
72923774 74510275 70223639 61824135 67366129 70905930 68347307 67529893 68128563 70410246 
75490685 74537783 71395381 65367609 69416648 71172134 69463404 68594917 69320917 70727027 
75754255 76259571 72396972 65561077 70220705 71434501 70993807 68997895 71087041 71285607 
76412779 76694366 73556948 67573971 70630483 72180870 71339275 69981852 71484244 71794140 
76959231 78517209 73798959 70383185 71821700 74791334 72296479 70356616 71494458 72349206 
77701220 78582123 75124099 70500334 71940743 74904493 72372780 70389695 72001004 74184664 
79012500 79856312 75449876 71565371 73334421 75171701 72568063 70818127 72696465 74667757 
79590256 79953148 75633525 72126702 73627168 76057121 72642116 71547026 73725422 75080387 
80310375 80550036 76056231 72351144 74118806 76242142 74954729 72915365 74253815 75408959 
80787411 82395489 76476990 72408761 74151751 77535710 76292879 74261999 74954296 75563688 
81737822 82449464 77221510 74746811 75997971 77671543 76542065 74378678 75084349 75704840 
82133655 82592462 77627444 74878250 77133187 78636394 76604003 74637967 75434519 76233689 
82468422 82776043 78030668 75254548 78409783 78804546 76707545 75001097 75510521 76898835 
83701093 84558418 78652292 75922198 78785190 80755061 76899289 76669865 75696927 78285151 
83864373 85504119 79543969 76182749 78894717 82769544 77438196 76687559 75881173 78676930 
84951106 86237091 80269654 77297989 79690105 84379335 77663941 76913968 76560117 79061412 
87509516 86852510 80698041 79117639 79882787 84555460 77877989 77502598 77163747 79744045 
87584491 86924564 81332792 81858559 79941618 84649155 77878721 77716287 77429726 79779125 
87678638 87072554 82422468 83284647 80587115 85245700 78057867 78000031 77557268 80210606 
88386296 87561283 83661918 84548307 80729926 85255130 78271712 78158328 78001590 81388729 
88567604 87740862 84561927 85427177 81031181 85395521 79447244 78305857 79228464 81651618 
88681684 87835269 84654058 86463483 81404112 85629916 79462128 78679341 79439733 83348725 
88992011 89129182 86095511 86699869 81870025 86632117 79926637 79331477 79905238 83757555 
90150519 89459715 86196275 87640202 83364879 87031584 80308707 80332858 82506456 83788778 
95238753 90386089 86243667 88334622 85117989 87066943 83242752 80364813 83450225 84636125 
95859303 91004368 86373130 88547609 85164417 87114300 84315864 81179578 84578250 87127953 
96343118 91758140 87081092 89751479 87044355 87202904 85005376 81500632 85526538 88160111 
97111413 92638631 87093753 90211157 87813461 87273435 85925948 81982052 85951603 89648575 
97204413 93049828 87156961 90607467 89566052 87551823 86156253 82183561 87090072 89846041 
97496294 93575545 88135715 90876818 90368709 87713053 86242715 83386704 88287603 90114794 
97806585 93645772 88989057 91975849 90537035 87725706 86880814 84966697 89948053 90253666 
98247480 94806282 89357586 92327425 91235725 87995605 87530061 85320030 90138522 91424868 
99052343 95758528 89375392 92734237 91247419 89846706 87887712 85331256 92017048 91588475 
99666176 96426710 89723410 93025118 92753431 91561584 87953125 85840334 92290292 91676232 
100333538 97894656 89798711 93073901 92776345 92887325 88352663 86336032 92397106 91927360 
100391749 98024060 89823108 93346675 92812026 94061786 88482312 87325231 92618840 92658989 
101059427 99055521 89968474 93506016 93136790 94137750 89179176 87381493 92630475 93055026 
102019702 99788307 90611077 95757835 93370605 95235192 89758351 87532271 93175512 93062774 
102841004 100631021 91878850 96102753 93491096 95435213 90477875 87621636 94613402 93619332 
104564091 100686241 92394806 96296663 95155727 95922483 90803567 89792779 94781072 94429355 
106244142 100716273 92437515 96340060 95227472 96065696 91615092 89915075 98106347 95400574 
107097201 100770021 92766829 96405801 95458627 96470811 92539959 90352853 98577713 96300652 
107340499 101108968 93422702 96544713 95801603 96496188 93263212 91372281 99724303 96539664 
110059314 101926795 94062303 97673246 95950389 96569720 93560971 91719528 99890320 96548504 
110433112 102840932 94436694 98494778 96740163 97327012 93764327 92947046 100428609 96810499 
110747408 103271957 94511671 99759945 97339466 99731051 93898481 93056146 102275542 96937213 
113217429 104091310 94941154 100799981 99278563 100279712 94113378 93295718 104188624 97245645 
113548440 104352746 96851282 100930808 99410813 102795202 94495591 94938457 104662123 97444413 
115154955 105071052 97604547 101084484 99975908 105001064 94502099 95846439 105232441 98522510 
115767400 105370034 99396596 101451030 100112996 105307752 94809824 96522375 107693340 99850353 
116416639 105677692 99429576 102703973 100956240 109649560 95801005 96904071 108082650 101575408 
116727145 105695905 99616031 102818834 100981548 110035922 96029107 97649479 108143280 102133790 
116805148 105801212 99828283 103359648 102265941 110082361 96134087 97939581 108233335 102661917 
117594221 105805818 100212251 103426942 103503517 110154607 96309432 97952406 108303161 103558282 
118079452 106672440 100859792 103929503 103555666 111146093 96923616 98105713 108652924 103996867 
119874083 106808146 102062382 104296524 105240696 111159178 97443786 98864516 108747578 104067858 
119909836 107611481 102239090 106349077 106201605 112074018 97848059 98982217 108760194 105058095 
120054123 109517859 103188137 107065001 106650908 112934335 99168764 98985134 108952015 105536437 
120748004 111400426 105682927 107106379 109380812 112975110 99246317 99290846 112035695 105843004 
125177290 111661973 108618475 107346060 109428569 115971341 99686556 99294681 112766784 105877489 
126156787 111767381 108819901 107787002 110458266 116659044 102092896 99367685 113211778 106937474 
126282701 112177218 108922503 110723924 110921290 118313963 102663340 100165788 114702239 107119110 
126298962 112492292 109478103 111059325 112554345 119105240 102691992 100955550 115240010 108194578 
129612531 113501284 110102808 112420330 113856876 120441624 105067263 101492649 115452714 108379260 
129785229 114013231 110117625 116585991 114442270 120829122 105464556 102076407 115744499 108472571 
130373019 115017696 110815346 116744579 114955518 124026401 107280022 104392680 115998110 108755723 
138560661 115164152 111254954 117327965 117639399 127351632 107331743 104835326 117293096 109021894 
138760839 117064461 115589516 119077830 118295784 128034001 107443437 104869356 119090757 110963405 
138885756 118875713 115611960 120795726 119007127 130222462 107764158 105049538 121333059 111317394 
140113031 119650143 118375857 122602311 120720433 135544733 108412057 105081728 121898408 113177252 
142103779 120366773 119689184 124855574 123187787 139559575 109113295 107076286 123399246 119130725 
146197143 123045314 123614399 125955413 126037153 140045696 109230402 108088650 123721727 121778310 
150738711 128427114 124888982 127311334 126510018 141088587 111060096 109220174 125771737 121801949 
151439504 130604466 127406534 128438432 127530300 143422201 112769627 110307753 127069322 122800237 
152635951 133091546 127441056 128648872 127677010 143770478 113140182 110992103 128281229 123831042 
156622828 140020250 127656527 129101631 128283967 147988237 115297248 111446288 130191257 128131140 
158189470 141485607 129482986 129862708 128580836 153043392 115586135 112626354 134318587 128808908 
159330136 142456351 143177470 130628540 132026727 153127087 116032235 115119672 135369551 144290444 
163388567 142466815 143220548 132356105 137823070 155661757 116241093 117040458 136069664 148676469 
163672072 145589817 143518626 132379939 139262619 156537190 116698166 118428231 136182263 150309143 
169680384 149065362 148159762 134455411 145054365 165462010 119225334 120874517 137576269 156052162 
171796113 160941916 148885178 140643760 146570452 174104927 120792277 122101183 140108512 158440828 
174624080 168616651 157404205 142488405 153197981 190894060 122855485 124272387 146165064 159637147 
175569034 171272587 168857170 147094716 157240958 221507133 129598248 125451471 148127173 164273481 
185324456 183930139 193764381 147377633 160038621 223665015 131037548 126475073 152112233 189911404 
193013912 186561261 245323605 147838964 162259178 248741312 131041071 126595601 163992201 212608166 
200288584 194303337 246611541 158832756 171907366 276086809 139958050 127474481 169526048 232047262 
368153334 197435785 251552449 166738544 196477663 277468528 141825496 127660102 295169409 500265176 
409730227 204027151 281383430 170666193 201704275 286713017 142443567 128316352 312692843 535965789 
450847328 207634954 474527908 175378481 201981599 353982651 150244351 136976382 317582489 643440093 
501572404 263502362 489524256 194130010 225633879 357973922 152050369 140868773 336662332 667075208 
534561896 267206273 514825235 199964797 235735897 359236643 171824760 148156271 380790406 676049095 
553688839 288095309 580372462 208092009 322090259 463106319 198184174 170490641 452119440 691663861 
