17808060 22287875 8229908 2686209 8783479 7667361 2617450 9912321 6942957 13702045 
20581935 22711779 17497992 3196120 13386789 22034459 7144784 10702624 7928238 23361577 
26302067 22772183 19325160 4852772 15860553 29682506 12946314 11318537 15943091 27901154 
33249753 23826032 23187001 5031783 15917440 30885917 15974955 16628425 19317639 28634328 
33963638 23826163 24618465 7799989 24172597 33970482 16631482 17493010 23927154 30096206 
37328643 26122253 26133442 8646032 24194852 42425279 20153722 18307731 25654172 32806459 
37464703 26757387 26524498 11738085 27901881 45362396 20748413 18815115 30776185 35503675 
37821499 27178077 27530487 12193917 31818463 45859100 20826171 20720541 32596155 35542398 
37949504 29831776 29275960 14363451 33719934 45887034 21390283 21592864 38867694 35918710 
38072503 35084179 29877380 15862704 33786276 48416948 22742066 25145904 40180633 37832375 
40856665 35830156 34755220 16100613 34009943 49553295 24237914 25643699 40261341 38583745 
43164223 37893730 38860508 20173645 34377310 51380800 25553096 25872983 40274849 41606449 
45615039 42044224 41671004 20842506 36066734 51716546 26245093 26151409 41270734 42042452 
46018867 42252311 44218016 22448174 37514381 53733447 27234973 27426466 42735772 43818697 
46994810 44839899 47363922 26479115 38534164 53944144 27423446 28224252 43052984 48153312 
49807915 44965186 50274173 26913525 39284458 56171447 31284809 28953966 45920655 51468066 
50739514 48239304 50330488 27072161 41154425 56510696 32233010 29407113 46307085 51764281 
51743840 51900471 50552042 28706572 42030770 58569377 32749645 31721655 50183165 52004416 
52404360 52635362 53919882 28964107 42067653 58717897 33449169 32319226 51985032 53085814 
52867687 55679011 54062691 30065653 42178690 59560262 34390071 36378374 53619779 53551152 
54056391 55985812 54985406 32676783 43917778 59721167 38297348 36506822 54278828 55718702 
54951551 56037848 58223855 40470920 45553228 60032031 38821048 38700191 55081313 58241177 
56357997 57069887 66102088 41187427 46907437 63420995 39524294 40595957 55211130 60645372 
64701179 58719928 70097650 46952944 52483911 63489214 40024049 42051669 55603778 64118220 
65660911 59438267 70641740 49481531 53880109 64522921 43911098 42429716 57032577 65412788 
66271434 59818353 74650309 50278541 55350897 67838030 43984923 43889485 57754328 65590580 
67321806 61617870 76888961 53561687 58482667 68624298 46148731 47287962 58226356 67569489 
67525886 63008326 76974265 53852459 58664153 72608478 49511537 47304903 58416154 68211777 
67722429 63744447 77404266 54367862 60184286 74462751 49586477 47587886 60246956 69197360 
69912201 71621160 77629286 57632451 61586818 75984687 50411154 51017770 60517179 70410992 
75865155 74471983 79801762 58156770 61867454 77023589 52294452 53142293 62142308 78357953 
76739206 75071967 80068373 59338455 63131730 77579826 52372727 53419241 66309377 78387183 
76795638 75254026 81412297 59711315 63422093 79613114 53152816 56012388 67836275 78784477 
79561272 76719324 83254063 60998608 64564226 79672455 53944759 57726121 68305021 83122593 
83793674 80885070 87473253 61287088 64714021 82539723 54305045 57857470 68376140 84537131 
84098660 81683000 88197999 65943878 66705535 83305021 54717150 60337619 69013156 86548451 
84571112 82372216 90439285 68929648 67108983 83483130 55270879 60688427 72119896 86758035 
84869539 83222645 92077639 70803508 67535795 87498905 57754419 62488203 73989344 87084959 
89178201 87303399 94516137 73042075 68237541 92043791 59864962 62696197 75212307 87963529 
90015054 87462771 96880825 73399276 73923535 92719808 60159364 65884251 76042549 88048121 
90316228 88787996 102417306 81345300 74194138 98282978 63716732 68156379 76273068 92877414 
92230897 88788561 104909709 86511067 75143555 101066636 67861786 68674955 76459558 93290248 
93946386 89024733 106042112 87492147 75719703 102659413 70105071 69110227 77448237 93632018 
94203485 89645482 106199190 87951143 77564082 104415880 70308601 70733524 81743401 94549006 
97865355 89654514 107928627 89015615 81445531 107345887 72031242 71001696 82524463 94698507 
103172766 91372240 109754667 89139639 81944228 107686451 74047772 72172885 85146588 95020229 
104266249 91594626 110176138 89755737 85254093 108325151 74194658 72952077 86648112 97738904 
107680882 91844542 111604271 89999041 85847042 110947403 74740209 73230278 87124778 107963740 
107844422 95916781 113295611 92160757 95291978 111285320 77291660 73364415 87601364 113481681 
113214242 97156585 113312154 92989285 99179960 112315253 80062669 75185811 88006549 116009893 
117076333 97989213 113764943 94304770 99209822 114736170 81835987 79628986 90844464 120036487 
120398947 98141159 114889733 96468987 99471364 117379393 82421968 81223456 91052871 120084249 
121471388 99715272 115464268 97208282 99896768 120080799 83591914 82066230 91269717 121447020 
125271458 100360000 115834109 98968391 100243709 122546474 83776759 82765607 95440242 121849780 
125952448 100856130 117612341 99460749 100393143 127045483 85153145 83383109 99393401 122466251 
128293858 101949651 119687276 99613342 101841523 127559461 85823663 84566848 105918339 126421705 
128340821 105798272 120026242 99743803 103252053 131063319 87124882 88374465 106642218 130263133 
129870357 105801426 120549183 102641783 105786232 132463052 87649234 89062589 107617122 132460456 
140038859 110828492 121770880 103373683 106511626 136534258 88672245 92337144 109319547 132585775 
142836614 111578138 124264959 103553169 106603726 137364718 92000385 97498937 112500799 135040525 
144205017 111868790 126041016 103938485 109057612 138921409 93320280 97678799 112834372 135725566 
144227563 114133160 127103591 105079045 109530097 140018944 93646299 99421902 113225344 138178777 
144281358 114537642 129749252 110105977 112668026 142925970 95581466 100320865 113401824 140173485 
144683513 116569097 130286871 110192603 117433798 144019245 98118506 100859489 113552483 141388828 
144836363 117481775 130454120 110655159 121729480 146352505 103207743 102311969 113797850 143217802 
144967116 117795611 132107248 113964620 123318084 146703676 106003844 104248963 115866591 143252916 
146431609 121448095 136162816 117314053 123914297 149281825 108253620 109021276 118275199 144445075 
148359426 123430113 137099962 117855228 124175052 150652019 110366790 112996841 119291860 154227522 
148958356 128632823 137629617 119731505 128011160 151506748 111220967 113470446 127928758 156245697 
151456016 130376895 140895192 120672512 130870793 154127601 113513873 113808995 129158280 156500265 
156409023 130934339 143472691 122962244 132917335 155651131 113662007 116058419 129454395 158107634 
166667384 131051322 151963354 126556138 136147668 159562050 113819824 120120103 131214158 158303171 
167322171 135780069 157631983 127713148 137510249 160344878 113906576 120376286 131414185 164471615 
170117331 136078656 159723989 133170990 137734524 163496335 116336429 122178972 132518998 170264768 
170514310 136604896 160561552 138179792 138458158 166604250 118511037 125007413 133443534 170707239 
174914691 137822049 166821609 143119491 141794589 168933295 118994866 125086603 140515210 178461271 
181029411 139068729 167375329 145558864 142589688 170081734 120521241 128750589 148818346 182297131 
185703419 143412173 168156372 146248164 146165041 171111534 125225866 133484934 149687152 183865461 
190431969 144474671 175596689 147433331 148965794 171951578 125624672 134535614 151573012 190439216 
190600596 153109235 176643000 148234596 153754002 172174919 131517992 134594003 162725334 192133954 
195172759 159890436 176717545 148949734 156567186 174567318 134524070 136247289 164858317 195033090 
207054974 164240250 177232793 149727483 157188426 178579936 142355022 137286491 172992761 195971759 
208634894 181889129 177543220 151712122 157495956 180153425 143861157 139851819 182628783 201419609 
210888724 182261083 178046404 154709991 158320699 183544478 149364624 147257462 186259677 202218888 
225289434 182765525 178636014 157526481 162205673 187434445 150555580 151569615 188734428 206236175 
226325091 186836806 179887982 159033149 169334967 195710022 151408440 152132908 223908228 213283229 
230320382 187205990 186669537 168860518 175678178 196469726 152086389 156886898 225235516 216242206 
234310476 190182378 187751898 180565235 178049400 205534939 162012052 157658899 227631887 232292643 
242722237 195395799 188983533 192204460 180726221 208986625 163350611 160619059 232375143 247240182 
243487905 195450366 190858257 209531996 180999613 215906503 168785027 163129464 234733234 252699233 
253715409 199722942 193422721 228431429 185067144 217578684 187559289 168795397 237639594 263920411 
257989909 208469224 201579146 250407492 204433744 223676455 188320574 177350488 245190699 268770646 
279427120 228388493 211123137 261613835 207497400 223966787 206896270 183698495 257257956 277368550 
284521315 243116690 227865229 263504121 216243100 237023285 261053134 190172096 264085895 277487393 
285766936 247922258 250526257 264650106 218489958 242191050 271919044 195081228 282539414 305697062 
340997259 251831917 277499401 282996022 237352069 251023725 283333503 196449786 292648208 346993980 
384712410 256256418 333033227 283302577 312091733 262336626 330311850 232269876 302679078 356022252 
448056608 280357140 361230620 311632472 336967300 287999852 332072655 282306660 320028932 359266068 
477947802 377941043 504756015 366372703 399218698 293674677 374910394 345977023 392091095 448811311 
938279967 839118316 730664422 650996826 771213486 744875370 730624948 820623210 811736916 964107640 
