0 0 0 0 0 
13.096 14.917 11.612 19.524 35.694 
13.441 14.921 11.629 19.798 35.732 
13.553 14.922 11.652 19.861 35.793 
13.905 14.943 11.662 20.219 36.416 
14.413 15.011 11.716 20.297 38.131 
15.66 15.034 11.723 20.326 38.187 
15.738 15.036 11.812 20.344 38.29 
15.79 15.063 11.812 20.367 38.312 
15.864 15.095 11.877 20.394 38.359 
15.871 15.124 11.9 20.409 38.384 
15.883 15.144 11.907 20.451 41.021 
15.903 15.159 11.955 20.457 41.028 
15.984 15.167 11.96 20.473 41.107 
16.019 15.198 12.022 20.483 41.206 
